ID,CONC,TIME,strata_no,STRT
1,1.0810000E+01,1.0000000E-01,1,0.0000000E+00
1,1.0730000E+01,4.0000000E-01,1,0.0000000E+00
1,1.0164000E+01,7.0000000E-01,1,0.0000000E+00
1,3.0760000E+00,4.0000000E+00,1,0.0000000E+00
1,4.6933000E-01,2.0000000E+01,1,0.0000000E+00
2,1.5662000E+01,2.0000000E-01,1,0.0000000E+00
2,4.3752000E+00,1.0000000E+00,1,0.0000000E+00
2,5.2170000E-01,4.0000000E+00,1,0.0000000E+00
2,2.9720000E-01,7.0000000E+00,1,0.0000000E+00
2,2.6731000E-03,4.0000000E+01,1,0.0000000E+00
3,9.3150000E+00,4.0000000E-01,1,0.0000000E+00
3,4.9900000E+00,2.0000000E+00,1,0.0000000E+00
3,1.2544000E+00,1.0000000E+01,1,0.0000000E+00
3,1.3345000E-01,4.0000000E+01,1,0.0000000E+00
3,1.6529000E-02,7.0000000E+01,1,0.0000000E+00
4,1.3278000E+01,1.0000000E-01,1,0.0000000E+00
4,6.5284000E+00,4.0000000E-01,1,0.0000000E+00
4,3.3074000E+00,7.0000000E-01,1,0.0000000E+00
4,1.2995000E-01,4.0000000E+00,1,0.0000000E+00
4,1.1339000E-02,2.0000000E+01,1,0.0000000E+00
5,1.2945000E+01,2.0000000E-01,1,0.0000000E+00
5,5.2663000E+00,1.0000000E+00,1,0.0000000E+00
5,9.9159000E-01,4.0000000E+00,1,0.0000000E+00
5,6.2048000E-01,7.0000000E+00,1,0.0000000E+00
5,1.2212000E-02,4.0000000E+01,1,0.0000000E+00
6,7.5416000E+00,4.0000000E-01,1,0.0000000E+00
6,7.0474000E-01,2.0000000E+00,1,0.0000000E+00
6,5.5462000E-02,1.0000000E+01,1,0.0000000E+00
6,9.7414000E-04,4.0000000E+01,1,0.0000000E+00
6,1.0300000E-05,7.0000000E+01,1,0.0000000E+00
7,1.4984000E+01,1.0000000E-01,1,0.0000000E+00
7,1.1968000E+01,4.0000000E-01,1,0.0000000E+00
7,1.0114000E+01,7.0000000E-01,1,0.0000000E+00
7,1.9870000E+00,4.0000000E+00,1,0.0000000E+00
7,1.9270000E-01,2.0000000E+01,1,0.0000000E+00
8,9.9942000E+00,2.0000000E-01,1,0.0000000E+00
8,1.8967000E+00,1.0000000E+00,1,0.0000000E+00
8,1.4921000E-01,4.0000000E+00,1,0.0000000E+00
8,7.0459000E-02,7.0000000E+00,1,0.0000000E+00
8,4.5500000E-05,4.0000000E+01,1,0.0000000E+00
9,5.2717000E+00,4.0000000E-01,1,0.0000000E+00
9,1.8141000E-01,2.0000000E+00,1,0.0000000E+00
9,2.8155000E-02,1.0000000E+01,1,0.0000000E+00
9,3.7180000E-04,4.0000000E+01,1,0.0000000E+00
9,3.6900000E-06,7.0000000E+01,1,0.0000000E+00
10,1.3601000E+01,1.0000000E-01,1,0.0000000E+00
10,9.7480000E+00,4.0000000E-01,1,0.0000000E+00
10,9.3172000E+00,7.0000000E-01,1,0.0000000E+00
10,1.2578000E+00,4.0000000E+00,1,0.0000000E+00
10,1.5955000E-01,2.0000000E+01,1,0.0000000E+00
11,1.2982000E+01,2.0000000E-01,1,0.0000000E+00
11,8.7256000E+00,1.0000000E+00,1,0.0000000E+00
11,1.8535000E+00,4.0000000E+00,1,0.0000000E+00
11,1.0451000E+00,7.0000000E+00,1,0.0000000E+00
11,2.0956000E-02,4.0000000E+01,1,0.0000000E+00
12,1.0898000E+01,4.0000000E-01,1,0.0000000E+00
12,3.1944000E+00,2.0000000E+00,1,0.0000000E+00
12,3.6589000E-01,1.0000000E+01,1,0.0000000E+00
12,1.0825000E-02,4.0000000E+01,1,0.0000000E+00
12,3.0895000E-04,7.0000000E+01,1,0.0000000E+00
13,2.1767000E+01,1.0000000E-01,1,0.0000000E+00
13,1.0419000E+01,4.0000000E-01,1,0.0000000E+00
13,6.5176000E+00,7.0000000E-01,1,0.0000000E+00
13,3.6799000E-01,4.0000000E+00,1,0.0000000E+00
13,2.5705000E-02,2.0000000E+01,1,0.0000000E+00
14,1.0652000E+01,2.0000000E-01,1,0.0000000E+00
14,2.3154000E+00,1.0000000E+00,1,0.0000000E+00
14,1.6887000E-01,4.0000000E+00,1,0.0000000E+00
14,8.8768000E-02,7.0000000E+00,1,0.0000000E+00
14,3.6462000E-04,4.0000000E+01,1,0.0000000E+00
15,2.2635000E+00,4.0000000E-01,1,0.0000000E+00
15,1.0153000E-01,2.0000000E+00,1,0.0000000E+00
15,1.8114000E-02,1.0000000E+01,1,0.0000000E+00
15,5.7200000E-05,4.0000000E+01,1,0.0000000E+00
15,1.9300000E-07,7.0000000E+01,1,0.0000000E+00
16,1.1092000E+01,1.0000000E-01,1,0.0000000E+00
16,4.7417000E+00,4.0000000E-01,1,0.0000000E+00
16,1.7391000E+00,7.0000000E-01,1,0.0000000E+00
16,9.2141000E-02,4.0000000E+00,1,0.0000000E+00
16,5.6121000E-03,2.0000000E+01,1,0.0000000E+00
17,1.1184000E+01,2.0000000E-01,1,0.0000000E+00
17,1.3930000E+00,1.0000000E+00,1,0.0000000E+00
17,9.6772000E-02,4.0000000E+00,1,0.0000000E+00
17,7.3088000E-02,7.0000000E+00,1,0.0000000E+00
17,2.8424000E-04,4.0000000E+01,1,0.0000000E+00
18,2.9192000E+00,4.0000000E-01,1,0.0000000E+00
18,7.2923000E-02,2.0000000E+00,1,0.0000000E+00
18,1.6292000E-02,1.0000000E+01,1,0.0000000E+00
18,1.7200000E-05,4.0000000E+01,1,0.0000000E+00
18,2.9900000E-08,7.0000000E+01,1,0.0000000E+00
19,1.2668000E+01,1.0000000E-01,1,0.0000000E+00
19,5.2358000E+00,4.0000000E-01,1,0.0000000E+00
19,3.2523000E+00,7.0000000E-01,1,0.0000000E+00
19,1.0185000E-01,4.0000000E+00,1,0.0000000E+00
19,6.2127000E-03,2.0000000E+01,1,0.0000000E+00
20,8.9965000E+00,2.0000000E-01,1,0.0000000E+00
20,1.8961000E-01,1.0000000E+00,1,0.0000000E+00
20,3.8653000E-02,4.0000000E+00,1,0.0000000E+00
20,2.6585000E-02,7.0000000E+00,1,0.0000000E+00
20,4.3100000E-05,4.0000000E+01,1,0.0000000E+00
21,1.6292000E+00,4.0000000E-01,1,0.0000000E+00
21,4.6026000E-02,2.0000000E+00,1,0.0000000E+00
21,1.1292000E-02,1.0000000E+01,1,0.0000000E+00
21,1.2353000E-04,4.0000000E+01,1,0.0000000E+00
21,1.0700000E-06,7.0000000E+01,1,0.0000000E+00
22,1.3846000E+01,1.0000000E-01,1,0.0000000E+00
22,3.5506000E+00,4.0000000E-01,1,0.0000000E+00
22,1.0465000E+00,7.0000000E-01,1,0.0000000E+00
22,4.7943000E-02,4.0000000E+00,1,0.0000000E+00
22,3.0515000E-03,2.0000000E+01,1,0.0000000E+00
23,1.6176000E+01,2.0000000E-01,1,0.0000000E+00
23,5.1021000E+00,1.0000000E+00,1,0.0000000E+00
23,6.3152000E-01,4.0000000E+00,1,0.0000000E+00
23,4.0382000E-01,7.0000000E+00,1,0.0000000E+00
23,6.6234000E-03,4.0000000E+01,1,0.0000000E+00
24,6.6587000E+00,4.0000000E-01,1,0.0000000E+00
24,4.4883000E-01,2.0000000E+00,1,0.0000000E+00
24,4.4697000E-02,1.0000000E+01,1,0.0000000E+00
24,9.5900000E-05,4.0000000E+01,1,0.0000000E+00
24,2.2000000E-07,7.0000000E+01,1,0.0000000E+00
25,1.1230000E+01,1.0000000E-01,1,0.0000000E+00
25,6.7990000E+00,4.0000000E-01,1,0.0000000E+00
25,2.9902000E+00,7.0000000E-01,1,0.0000000E+00
25,1.0508000E-01,4.0000000E+00,1,0.0000000E+00
25,6.8252000E-03,2.0000000E+01,1,0.0000000E+00
26,1.2691000E+01,2.0000000E-01,1,0.0000000E+00
26,4.4145000E+00,1.0000000E+00,1,0.0000000E+00
26,5.4297000E-01,4.0000000E+00,1,0.0000000E+00
26,3.0206000E-01,7.0000000E+00,1,0.0000000E+00
26,1.9581000E-03,4.0000000E+01,1,0.0000000E+00
27,7.5384000E+00,4.0000000E-01,1,0.0000000E+00
27,2.6218000E-01,2.0000000E+00,1,0.0000000E+00
27,4.9721000E-02,1.0000000E+01,1,0.0000000E+00
27,2.8702000E-04,4.0000000E+01,1,0.0000000E+00
27,1.6900000E-06,7.0000000E+01,1,0.0000000E+00
28,1.9011000E+01,1.0000000E-01,1,0.0000000E+00
28,5.0936000E+00,4.0000000E-01,1,0.0000000E+00
28,1.3487000E+00,7.0000000E-01,1,0.0000000E+00
28,1.5405000E-01,4.0000000E+00,1,0.0000000E+00
28,9.0320000E-03,2.0000000E+01,1,0.0000000E+00
29,9.5430000E+00,2.0000000E-01,1,0.0000000E+00
29,7.2794000E+00,1.0000000E+00,1,0.0000000E+00
29,1.9799000E+00,4.0000000E+00,1,0.0000000E+00
29,9.6381000E-01,7.0000000E+00,1,0.0000000E+00
29,1.8767000E-02,4.0000000E+01,1,0.0000000E+00
30,6.7460000E+00,4.0000000E-01,1,0.0000000E+00
30,7.0637000E-01,2.0000000E+00,1,0.0000000E+00
30,6.0698000E-02,1.0000000E+01,1,0.0000000E+00
30,1.9570000E-04,4.0000000E+01,1,0.0000000E+00
30,8.1200000E-07,7.0000000E+01,1,0.0000000E+00
31,1.1512000E+01,1.0000000E-01,1,0.0000000E+00
31,1.4166000E+00,4.0000000E-01,1,0.0000000E+00
31,1.6275000E-01,7.0000000E-01,1,0.0000000E+00
31,2.2109000E-02,4.0000000E+00,1,0.0000000E+00
31,1.6425000E-03,2.0000000E+01,1,0.0000000E+00
32,9.5313000E+00,2.0000000E-01,1,0.0000000E+00
32,5.6999000E+00,1.0000000E+00,1,0.0000000E+00
32,6.8763000E-01,4.0000000E+00,1,0.0000000E+00
32,3.7620000E-01,7.0000000E+00,1,0.0000000E+00
32,1.2348000E-03,4.0000000E+01,1,0.0000000E+00
33,8.5485000E+00,4.0000000E-01,1,0.0000000E+00
33,5.6290000E+00,2.0000000E+00,1,0.0000000E+00
33,7.4307000E-01,1.0000000E+01,1,0.0000000E+00
33,5.4165000E-02,4.0000000E+01,1,0.0000000E+00
33,3.5821000E-03,7.0000000E+01,1,0.0000000E+00
34,1.1636000E+01,1.0000000E-01,1,0.0000000E+00
34,1.0477000E+01,4.0000000E-01,1,0.0000000E+00
34,8.4392000E+00,7.0000000E-01,1,0.0000000E+00
34,2.2989000E+00,4.0000000E+00,1,0.0000000E+00
34,2.9601000E-01,2.0000000E+01,1,0.0000000E+00
35,1.1015000E+01,2.0000000E-01,1,0.0000000E+00
35,7.8771000E-01,1.0000000E+00,1,0.0000000E+00
35,7.8953000E-02,4.0000000E+00,1,0.0000000E+00
35,4.6743000E-02,7.0000000E+00,1,0.0000000E+00
35,3.9284000E-04,4.0000000E+01,1,0.0000000E+00
36,1.1238000E+01,4.0000000E-01,1,0.0000000E+00
36,5.4149000E+00,2.0000000E+00,1,0.0000000E+00
36,1.0899000E+00,1.0000000E+01,1,0.0000000E+00
36,4.8998000E-02,4.0000000E+01,1,0.0000000E+00
36,2.3380000E-03,7.0000000E+01,1,0.0000000E+00
37,1.4691000E+01,1.0000000E-01,1,0.0000000E+00
37,8.9143000E+00,4.0000000E-01,1,0.0000000E+00
37,7.9536000E+00,7.0000000E-01,1,0.0000000E+00
37,1.0228000E+00,4.0000000E+00,1,0.0000000E+00
37,8.0464000E-02,2.0000000E+01,1,0.0000000E+00
38,8.7188000E+00,2.0000000E-01,1,0.0000000E+00
38,2.1959000E+00,1.0000000E+00,1,0.0000000E+00
38,1.2919000E-01,4.0000000E+00,1,0.0000000E+00
38,7.9781000E-02,7.0000000E+00,1,0.0000000E+00
38,1.9615000E-04,4.0000000E+01,1,0.0000000E+00
39,9.0962000E+00,4.0000000E-01,1,0.0000000E+00
39,3.9652000E+00,2.0000000E+00,1,0.0000000E+00
39,8.2482000E-01,1.0000000E+01,1,0.0000000E+00
39,3.2020000E-02,4.0000000E+01,1,0.0000000E+00
39,1.4402000E-03,7.0000000E+01,1,0.0000000E+00
40,1.1091000E+01,1.0000000E-01,1,0.0000000E+00
40,6.4113000E+00,4.0000000E-01,1,0.0000000E+00
40,3.2797000E+00,7.0000000E-01,1,0.0000000E+00
40,9.4997000E-02,4.0000000E+00,1,0.0000000E+00
40,7.6517000E-03,2.0000000E+01,1,0.0000000E+00
41,8.4458000E+00,2.0000000E-01,1,0.0000000E+00
41,7.1165000E-01,1.0000000E+00,1,0.0000000E+00
41,7.9022000E-02,4.0000000E+00,1,0.0000000E+00
41,4.7591000E-02,7.0000000E+00,1,0.0000000E+00
41,2.4588000E-04,4.0000000E+01,1,0.0000000E+00
42,9.4372000E+00,4.0000000E-01,1,0.0000000E+00
42,4.2707000E+00,2.0000000E+00,1,0.0000000E+00
42,4.4465000E-01,1.0000000E+01,1,0.0000000E+00
42,8.0962000E-03,4.0000000E+01,1,0.0000000E+00
42,1.3514000E-04,7.0000000E+01,1,0.0000000E+00
43,1.1430000E+01,1.0000000E-01,1,0.0000000E+00
43,1.7599000E+00,4.0000000E-01,1,0.0000000E+00
43,3.1556000E-01,7.0000000E-01,1,0.0000000E+00
43,3.1749000E-02,4.0000000E+00,1,0.0000000E+00
43,1.2566000E-03,2.0000000E+01,1,0.0000000E+00
44,1.1053000E+01,2.0000000E-01,1,0.0000000E+00
44,7.9757000E-01,1.0000000E+00,1,0.0000000E+00
44,9.3394000E-02,4.0000000E+00,1,0.0000000E+00
44,5.0476000E-02,7.0000000E+00,1,0.0000000E+00
44,2.8100000E-05,4.0000000E+01,1,0.0000000E+00
45,6.7811000E+00,4.0000000E-01,1,0.0000000E+00
45,3.7730000E-01,2.0000000E+00,1,0.0000000E+00
45,3.9697000E-02,1.0000000E+01,1,0.0000000E+00
45,5.0658000E-04,4.0000000E+01,1,0.0000000E+00
45,6.1500000E-06,7.0000000E+01,1,0.0000000E+00
46,2.1293000E+01,1.0000000E-01,1,0.0000000E+00
46,1.1784000E+01,4.0000000E-01,1,0.0000000E+00
46,8.0196000E+00,7.0000000E-01,1,0.0000000E+00
46,5.3090000E-01,4.0000000E+00,1,0.0000000E+00
46,4.5292000E-02,2.0000000E+01,1,0.0000000E+00
47,1.0046000E+01,2.0000000E-01,1,0.0000000E+00
47,1.7518000E+00,1.0000000E+00,1,0.0000000E+00
47,1.4559000E-01,4.0000000E+00,1,0.0000000E+00
47,6.4193000E-02,7.0000000E+00,1,0.0000000E+00
47,1.9724000E-04,4.0000000E+01,1,0.0000000E+00
48,7.4236000E+00,4.0000000E-01,1,0.0000000E+00
48,5.1250000E-01,2.0000000E+00,1,0.0000000E+00
48,7.2987000E-02,1.0000000E+01,1,0.0000000E+00
48,5.8029000E-04,4.0000000E+01,1,0.0000000E+00
48,6.3300000E-06,7.0000000E+01,1,0.0000000E+00
49,1.2883000E+01,1.0000000E-01,1,0.0000000E+00
49,1.3410000E+01,4.0000000E-01,1,0.0000000E+00
49,8.1148000E+00,7.0000000E-01,1,0.0000000E+00
49,2.3837000E+00,4.0000000E+00,1,0.0000000E+00
49,5.2516000E-01,2.0000000E+01,1,0.0000000E+00
50,1.0914000E+01,2.0000000E-01,1,0.0000000E+00
50,1.8063000E+00,1.0000000E+00,1,0.0000000E+00
50,8.6506000E-02,4.0000000E+00,1,0.0000000E+00
50,5.6479000E-02,7.0000000E+00,1,0.0000000E+00
50,4.3289000E-04,4.0000000E+01,1,0.0000000E+00
51,7.3773000E+00,4.0000000E-01,1,0.0000000E+00
51,3.1237000E-01,2.0000000E+00,1,0.0000000E+00
51,4.0889000E-02,1.0000000E+01,1,0.0000000E+00
51,3.0736000E-04,4.0000000E+01,1,0.0000000E+00
51,3.8800000E-06,7.0000000E+01,1,0.0000000E+00
52,1.4400000E+01,1.0000000E-01,1,0.0000000E+00
52,1.0185000E+01,4.0000000E-01,1,0.0000000E+00
52,1.0351000E+01,7.0000000E-01,1,0.0000000E+00
52,1.8357000E+00,4.0000000E+00,1,0.0000000E+00
52,2.7936000E-01,2.0000000E+01,1,0.0000000E+00
53,1.0505000E+01,2.0000000E-01,1,0.0000000E+00
53,1.9730000E+00,1.0000000E+00,1,0.0000000E+00
53,1.4280000E-01,4.0000000E+00,1,0.0000000E+00
53,8.0081000E-02,7.0000000E+00,1,0.0000000E+00
53,5.4607000E-04,4.0000000E+01,1,0.0000000E+00
54,5.6971000E+00,4.0000000E-01,1,0.0000000E+00
54,2.4752000E-01,2.0000000E+00,1,0.0000000E+00
54,4.2598000E-02,1.0000000E+01,1,0.0000000E+00
54,2.5120000E-04,4.0000000E+01,1,0.0000000E+00
54,2.3700000E-06,7.0000000E+01,1,0.0000000E+00
55,1.4671000E+01,1.0000000E-01,1,0.0000000E+00
55,1.1584000E+01,4.0000000E-01,1,0.0000000E+00
55,9.0101000E+00,7.0000000E-01,1,0.0000000E+00
55,1.9832000E+00,4.0000000E+00,1,0.0000000E+00
55,4.2539000E-01,2.0000000E+01,1,0.0000000E+00
56,5.3326000E+00,2.0000000E-01,1,0.0000000E+00
56,4.6469000E-02,1.0000000E+00,1,0.0000000E+00
56,2.1868000E-02,4.0000000E+00,1,0.0000000E+00
56,1.1174000E-02,7.0000000E+00,1,0.0000000E+00
56,4.1600000E-05,4.0000000E+01,1,0.0000000E+00
57,6.7409000E+00,4.0000000E-01,1,0.0000000E+00
57,4.2201000E-01,2.0000000E+00,1,0.0000000E+00
57,3.6274000E-02,1.0000000E+01,1,0.0000000E+00
57,5.8066000E-04,4.0000000E+01,1,0.0000000E+00
57,9.3000000E-06,7.0000000E+01,1,0.0000000E+00
58,1.5150000E+01,1.0000000E-01,1,0.0000000E+00
58,1.0154000E+01,4.0000000E-01,1,0.0000000E+00
58,9.8537000E+00,7.0000000E-01,1,0.0000000E+00
58,1.4744000E+00,4.0000000E+00,1,0.0000000E+00
58,1.7311000E-01,2.0000000E+01,1,0.0000000E+00
59,1.1194000E+01,2.0000000E-01,1,0.0000000E+00
59,8.0747000E+00,1.0000000E+00,1,0.0000000E+00
59,2.9511000E+00,4.0000000E+00,1,0.0000000E+00
59,1.9752000E+00,7.0000000E+00,1,0.0000000E+00
59,1.1511000E-01,4.0000000E+01,1,0.0000000E+00
60,5.5429000E+00,4.0000000E-01,1,0.0000000E+00
60,1.8492000E-01,2.0000000E+00,1,0.0000000E+00
60,3.3863000E-02,1.0000000E+01,1,0.0000000E+00
60,2.3282000E-04,4.0000000E+01,1,0.0000000E+00
60,1.6300000E-06,7.0000000E+01,1,0.0000000E+00
61,1.8742000E+01,1.0000000E-01,1,0.0000000E+00
61,1.1008000E+01,4.0000000E-01,1,0.0000000E+00
61,7.2657000E+00,7.0000000E-01,1,0.0000000E+00
61,4.7070000E-01,4.0000000E+00,1,0.0000000E+00
61,5.1918000E-02,2.0000000E+01,1,0.0000000E+00
62,8.8210000E+00,2.0000000E-01,1,0.0000000E+00
62,2.0258000E-01,1.0000000E+00,1,0.0000000E+00
62,4.7111000E-02,4.0000000E+00,1,0.0000000E+00
62,2.4549000E-02,7.0000000E+00,1,0.0000000E+00
62,4.3700000E-05,4.0000000E+01,1,0.0000000E+00
63,1.1053000E+01,4.0000000E-01,1,0.0000000E+00
63,5.2748000E+00,2.0000000E+00,1,0.0000000E+00
63,1.1729000E+00,1.0000000E+01,1,0.0000000E+00
63,1.3367000E-01,4.0000000E+01,1,0.0000000E+00
63,1.0736000E-02,7.0000000E+01,1,0.0000000E+00
64,1.8421000E+01,1.0000000E-01,1,0.0000000E+00
64,9.0299000E+00,4.0000000E-01,1,0.0000000E+00
64,4.6445000E+00,7.0000000E-01,1,0.0000000E+00
64,1.5622000E-01,4.0000000E+00,1,0.0000000E+00
64,9.8075000E-03,2.0000000E+01,1,0.0000000E+00
65,9.4420000E+00,2.0000000E-01,1,0.0000000E+00
65,2.4444000E+00,1.0000000E+00,1,0.0000000E+00
65,1.3003000E-01,4.0000000E+00,1,0.0000000E+00
65,1.0601000E-01,7.0000000E+00,1,0.0000000E+00
65,6.2573000E-04,4.0000000E+01,1,0.0000000E+00
66,7.7960000E+00,4.0000000E-01,1,0.0000000E+00
66,2.8335000E-01,2.0000000E+00,1,0.0000000E+00
66,6.6999000E-02,1.0000000E+01,1,0.0000000E+00
66,4.3513000E-04,4.0000000E+01,1,0.0000000E+00
66,2.2100000E-06,7.0000000E+01,1,0.0000000E+00
67,1.3020000E+01,1.0000000E-01,1,0.0000000E+00
67,5.8816000E+00,4.0000000E-01,1,0.0000000E+00
67,4.0912000E+00,7.0000000E-01,1,0.0000000E+00
67,1.7199000E-01,4.0000000E+00,1,0.0000000E+00
67,1.0469000E-02,2.0000000E+01,1,0.0000000E+00
68,9.3849000E+00,2.0000000E-01,1,0.0000000E+00
68,3.3052000E-01,1.0000000E+00,1,0.0000000E+00
68,5.4592000E-02,4.0000000E+00,1,0.0000000E+00
68,3.9476000E-02,7.0000000E+00,1,0.0000000E+00
68,1.7928000E-04,4.0000000E+01,1,0.0000000E+00
69,6.7371000E+00,4.0000000E-01,1,0.0000000E+00
69,3.2132000E-01,2.0000000E+00,1,0.0000000E+00
69,3.3745000E-02,1.0000000E+01,1,0.0000000E+00
69,1.9271000E-04,4.0000000E+01,1,0.0000000E+00
69,1.2400000E-06,7.0000000E+01,1,0.0000000E+00
70,1.2558000E+01,1.0000000E-01,1,0.0000000E+00
70,5.0182000E+00,4.0000000E-01,1,0.0000000E+00
70,2.8108000E+00,7.0000000E-01,1,0.0000000E+00
70,8.9872000E-02,4.0000000E+00,1,0.0000000E+00
70,5.1742000E-03,2.0000000E+01,1,0.0000000E+00
71,1.0406000E+01,2.0000000E-01,1,0.0000000E+00
71,2.2255000E+00,1.0000000E+00,1,0.0000000E+00
71,1.4045000E-01,4.0000000E+00,1,0.0000000E+00
71,8.7740000E-02,7.0000000E+00,1,0.0000000E+00
71,6.6400000E-05,4.0000000E+01,1,0.0000000E+00
72,5.7136000E+00,4.0000000E-01,1,0.0000000E+00
72,1.4577000E-01,2.0000000E+00,1,0.0000000E+00
72,3.3865000E-02,1.0000000E+01,1,0.0000000E+00
72,3.7228000E-04,4.0000000E+01,1,0.0000000E+00
72,5.4100000E-06,7.0000000E+01,1,0.0000000E+00
73,1.0102000E+01,1.0000000E-01,1,0.0000000E+00
73,1.0754000E+01,4.0000000E-01,1,0.0000000E+00
73,5.9772000E+00,7.0000000E-01,1,0.0000000E+00
73,3.4369000E+00,4.0000000E+00,1,0.0000000E+00
73,6.8090000E-01,2.0000000E+01,1,0.0000000E+00
74,1.0062000E+01,2.0000000E-01,1,0.0000000E+00
74,6.6769000E+00,1.0000000E+00,1,0.0000000E+00
74,2.6294000E+00,4.0000000E+00,1,0.0000000E+00
74,1.2828000E+00,7.0000000E+00,1,0.0000000E+00
74,8.8695000E-02,4.0000000E+01,1,0.0000000E+00
75,7.3477000E+00,4.0000000E-01,1,0.0000000E+00
75,4.2285000E-01,2.0000000E+00,1,0.0000000E+00
75,3.5586000E-02,1.0000000E+01,1,0.0000000E+00
75,1.3044000E-04,4.0000000E+01,1,0.0000000E+00
75,4.9000000E-07,7.0000000E+01,1,0.0000000E+00
76,1.1066000E+01,1.0000000E-01,1,0.0000000E+00
76,7.3115000E+00,4.0000000E-01,1,0.0000000E+00
76,4.0695000E+00,7.0000000E-01,1,0.0000000E+00
76,1.5580000E-01,4.0000000E+00,1,0.0000000E+00
76,9.2574000E-03,2.0000000E+01,1,0.0000000E+00
77,1.0475000E+01,2.0000000E-01,1,0.0000000E+00
77,7.6164000E+00,1.0000000E+00,1,0.0000000E+00
77,1.2867000E+00,4.0000000E+00,1,0.0000000E+00
77,6.6548000E-01,7.0000000E+00,1,0.0000000E+00
77,1.7585000E-02,4.0000000E+01,1,0.0000000E+00
78,1.0263000E+01,4.0000000E-01,1,0.0000000E+00
78,4.5457000E+00,2.0000000E+00,1,0.0000000E+00
78,1.1890000E+00,1.0000000E+01,1,0.0000000E+00
78,9.5876000E-02,4.0000000E+01,1,0.0000000E+00
78,7.6189000E-03,7.0000000E+01,1,0.0000000E+00
79,1.7258000E+01,1.0000000E-01,1,0.0000000E+00
79,1.1547000E+01,4.0000000E-01,1,0.0000000E+00
79,8.6001000E+00,7.0000000E-01,1,0.0000000E+00
79,6.7240000E-01,4.0000000E+00,1,0.0000000E+00
79,7.6901000E-02,2.0000000E+01,1,0.0000000E+00
80,1.5102000E+01,2.0000000E-01,1,0.0000000E+00
80,5.4459000E+00,1.0000000E+00,1,0.0000000E+00
80,6.6552000E-01,4.0000000E+00,1,0.0000000E+00
80,4.1732000E-01,7.0000000E+00,1,0.0000000E+00
80,1.1356000E-02,4.0000000E+01,1,0.0000000E+00
81,9.1595000E+00,4.0000000E-01,1,0.0000000E+00
81,3.9180000E+00,2.0000000E+00,1,0.0000000E+00
81,6.7280000E-01,1.0000000E+01,1,0.0000000E+00
81,3.5752000E-02,4.0000000E+01,1,0.0000000E+00
81,1.7200000E-03,7.0000000E+01,1,0.0000000E+00
82,1.5572000E+01,1.0000000E-01,1,0.0000000E+00
82,1.2029000E+01,4.0000000E-01,1,0.0000000E+00
82,7.0685000E+00,7.0000000E-01,1,0.0000000E+00
82,3.4817000E-01,4.0000000E+00,1,0.0000000E+00
82,5.3759000E-02,2.0000000E+01,1,0.0000000E+00
83,1.1922000E+01,2.0000000E-01,1,0.0000000E+00
83,8.5282000E-01,1.0000000E+00,1,0.0000000E+00
83,9.4768000E-02,4.0000000E+00,1,0.0000000E+00
83,5.7002000E-02,7.0000000E+00,1,0.0000000E+00
83,1.3120000E-04,4.0000000E+01,1,0.0000000E+00
84,4.5266000E+00,4.0000000E-01,1,0.0000000E+00
84,1.0288000E-01,2.0000000E+00,1,0.0000000E+00
84,1.8765000E-02,1.0000000E+01,1,0.0000000E+00
84,8.3500000E-05,4.0000000E+01,1,0.0000000E+00
84,3.4100000E-07,7.0000000E+01,1,0.0000000E+00
85,1.2096000E+01,1.0000000E-01,1,0.0000000E+00
85,7.2374000E+00,4.0000000E-01,1,0.0000000E+00
85,5.1916000E+00,7.0000000E-01,1,0.0000000E+00
85,1.7928000E-01,4.0000000E+00,1,0.0000000E+00
85,1.7541000E-02,2.0000000E+01,1,0.0000000E+00
86,1.3736000E+01,2.0000000E-01,1,0.0000000E+00
86,2.1349000E+00,1.0000000E+00,1,0.0000000E+00
86,2.4498000E-01,4.0000000E+00,1,0.0000000E+00
86,1.1707000E-01,7.0000000E+00,1,0.0000000E+00
86,1.8656000E-04,4.0000000E+01,1,0.0000000E+00
87,1.1686000E+01,4.0000000E-01,1,0.0000000E+00
87,5.7402000E-01,2.0000000E+00,1,0.0000000E+00
87,1.1174000E-01,1.0000000E+01,1,0.0000000E+00
87,1.0003000E-03,4.0000000E+01,1,0.0000000E+00
87,1.1200000E-05,7.0000000E+01,1,0.0000000E+00
88,1.8260000E+01,1.0000000E-01,1,0.0000000E+00
88,1.0915000E+01,4.0000000E-01,1,0.0000000E+00
88,5.7779000E+00,7.0000000E-01,1,0.0000000E+00
88,4.6514000E-01,4.0000000E+00,1,0.0000000E+00
88,3.5377000E-02,2.0000000E+01,1,0.0000000E+00
89,7.7971000E+00,2.0000000E-01,1,0.0000000E+00
89,3.3358000E-01,1.0000000E+00,1,0.0000000E+00
89,6.9539000E-02,4.0000000E+00,1,0.0000000E+00
89,3.9546000E-02,7.0000000E+00,1,0.0000000E+00
89,1.2464000E-04,4.0000000E+01,1,0.0000000E+00
90,7.9374000E+00,4.0000000E-01,1,0.0000000E+00
90,4.4142000E-01,2.0000000E+00,1,0.0000000E+00
90,6.7166000E-02,1.0000000E+01,1,0.0000000E+00
90,1.0101000E-03,4.0000000E+01,1,0.0000000E+00
90,1.4300000E-05,7.0000000E+01,1,0.0000000E+00
91,2.1609000E+01,1.0000000E-01,1,0.0000000E+00
91,1.2381000E+01,4.0000000E-01,1,0.0000000E+00
91,8.6448000E+00,7.0000000E-01,1,0.0000000E+00
91,1.2794000E+00,4.0000000E+00,1,0.0000000E+00
91,1.1076000E-01,2.0000000E+01,1,0.0000000E+00
92,1.4170000E+01,2.0000000E-01,1,0.0000000E+00
92,4.9653000E+00,1.0000000E+00,1,0.0000000E+00
92,6.5220000E-01,4.0000000E+00,1,0.0000000E+00
92,3.3657000E-01,7.0000000E+00,1,0.0000000E+00
92,2.4099000E-03,4.0000000E+01,1,0.0000000E+00
93,8.7941000E+00,4.0000000E-01,1,0.0000000E+00
93,5.3156000E+00,2.0000000E+00,1,0.0000000E+00
93,7.1904000E-01,1.0000000E+01,1,0.0000000E+00
93,3.4279000E-02,4.0000000E+01,1,0.0000000E+00
93,1.4819000E-03,7.0000000E+01,1,0.0000000E+00
94,1.4024000E+01,1.0000000E-01,1,0.0000000E+00
94,7.0773000E+00,4.0000000E-01,1,0.0000000E+00
94,3.3109000E+00,7.0000000E-01,1,0.0000000E+00
94,1.4548000E-01,4.0000000E+00,1,0.0000000E+00
94,7.2434000E-03,2.0000000E+01,1,0.0000000E+00
95,9.7172000E+00,2.0000000E-01,1,0.0000000E+00
95,1.7377000E+00,1.0000000E+00,1,0.0000000E+00
95,1.2087000E-01,4.0000000E+00,1,0.0000000E+00
95,7.0051000E-02,7.0000000E+00,1,0.0000000E+00
95,1.9812000E-04,4.0000000E+01,1,0.0000000E+00
96,6.2379000E+00,4.0000000E-01,1,0.0000000E+00
96,2.1196000E-01,2.0000000E+00,1,0.0000000E+00
96,3.4805000E-02,1.0000000E+01,1,0.0000000E+00
96,1.8224000E-04,4.0000000E+01,1,0.0000000E+00
96,6.9000000E-07,7.0000000E+01,1,0.0000000E+00
97,1.3113000E+01,1.0000000E-01,1,0.0000000E+00
97,9.8023000E+00,4.0000000E-01,1,0.0000000E+00
97,9.9198000E+00,7.0000000E-01,1,0.0000000E+00
97,2.0175000E+00,4.0000000E+00,1,0.0000000E+00
97,3.3208000E-01,2.0000000E+01,1,0.0000000E+00
98,1.1554000E+01,2.0000000E-01,1,0.0000000E+00
98,7.4952000E+00,1.0000000E+00,1,0.0000000E+00
98,2.2898000E+00,4.0000000E+00,1,0.0000000E+00
98,1.5284000E+00,7.0000000E+00,1,0.0000000E+00
98,4.7042000E-02,4.0000000E+01,1,0.0000000E+00
99,7.1312000E+00,4.0000000E-01,1,0.0000000E+00
99,4.6060000E-01,2.0000000E+00,1,0.0000000E+00
99,4.1987000E-02,1.0000000E+01,1,0.0000000E+00
99,3.4777000E-04,4.0000000E+01,1,0.0000000E+00
99,2.3500000E-06,7.0000000E+01,1,0.0000000E+00
100,1.3225000E+01,1.0000000E-01,1,0.0000000E+00
100,1.0417000E+01,4.0000000E-01,1,0.0000000E+00
100,8.7238000E+00,7.0000000E-01,1,0.0000000E+00
100,1.5052000E+00,4.0000000E+00,1,0.0000000E+00
100,1.9993000E-01,2.0000000E+01,1,0.0000000E+00
101,9.8347000E+00,2.0000000E-01,1,0.0000000E+00
101,1.8151000E+00,1.0000000E+00,1,0.0000000E+00
101,1.0581000E-01,4.0000000E+00,1,0.0000000E+00
101,7.4433000E-02,7.0000000E+00,1,0.0000000E+00
101,5.0708000E-04,4.0000000E+01,1,0.0000000E+00
102,9.3288000E+00,4.0000000E-01,1,0.0000000E+00
102,4.8398000E+00,2.0000000E+00,1,0.0000000E+00
102,1.0687000E+00,1.0000000E+01,1,0.0000000E+00
102,1.5963000E-01,4.0000000E+01,1,0.0000000E+00
102,1.8054000E-02,7.0000000E+01,1,0.0000000E+00
103,1.3793000E+01,1.0000000E-01,1,0.0000000E+00
103,1.0673000E+01,4.0000000E-01,1,0.0000000E+00
103,8.6150000E+00,7.0000000E-01,1,0.0000000E+00
103,1.2445000E+00,4.0000000E+00,1,0.0000000E+00
103,1.4026000E-01,2.0000000E+01,1,0.0000000E+00
104,1.5346000E+01,2.0000000E-01,1,0.0000000E+00
104,2.2933000E+00,1.0000000E+00,1,0.0000000E+00
104,2.3949000E-01,4.0000000E+00,1,0.0000000E+00
104,1.4622000E-01,7.0000000E+00,1,0.0000000E+00
104,9.9383000E-04,4.0000000E+01,1,0.0000000E+00
105,1.0679000E+01,4.0000000E-01,1,0.0000000E+00
105,4.9302000E+00,2.0000000E+00,1,0.0000000E+00
105,7.1493000E-01,1.0000000E+01,1,0.0000000E+00
105,3.7994000E-02,4.0000000E+01,1,0.0000000E+00
105,1.8531000E-03,7.0000000E+01,1,0.0000000E+00
106,1.3417000E+01,1.0000000E-01,1,0.0000000E+00
106,1.0385000E+01,4.0000000E-01,1,0.0000000E+00
106,9.1095000E+00,7.0000000E-01,1,0.0000000E+00
106,8.7700000E-01,4.0000000E+00,1,0.0000000E+00
106,9.8332000E-02,2.0000000E+01,1,0.0000000E+00
107,1.2103000E+01,2.0000000E-01,1,0.0000000E+00
107,8.0736000E+00,1.0000000E+00,1,0.0000000E+00
107,2.3123000E+00,4.0000000E+00,1,0.0000000E+00
107,1.2422000E+00,7.0000000E+00,1,0.0000000E+00
107,3.5037000E-02,4.0000000E+01,1,0.0000000E+00
108,7.7782000E+00,4.0000000E-01,1,0.0000000E+00
108,8.9861000E-01,2.0000000E+00,1,0.0000000E+00
108,6.8525000E-02,1.0000000E+01,1,0.0000000E+00
108,4.5727000E-04,4.0000000E+01,1,0.0000000E+00
108,4.0100000E-06,7.0000000E+01,1,0.0000000E+00
109,1.1990000E+01,1.0000000E-01,1,0.0000000E+00
109,9.8343000E+00,4.0000000E-01,1,0.0000000E+00
109,7.9870000E+00,7.0000000E-01,1,0.0000000E+00
109,2.2690000E+00,4.0000000E+00,1,0.0000000E+00
109,3.2812000E-01,2.0000000E+01,1,0.0000000E+00
110,3.2088000E+00,2.0000000E-01,1,0.0000000E+00
110,3.9964000E-02,1.0000000E+00,1,0.0000000E+00
110,2.2911000E-02,4.0000000E+00,1,0.0000000E+00
110,1.3053000E-02,7.0000000E+00,1,0.0000000E+00
110,4.0000000E-05,4.0000000E+01,1,0.0000000E+00
111,5.3126000E+00,4.0000000E-01,1,0.0000000E+00
111,2.9656000E-01,2.0000000E+00,1,0.0000000E+00
111,3.2191000E-02,1.0000000E+01,1,0.0000000E+00
111,1.5884000E-04,4.0000000E+01,1,0.0000000E+00
111,8.5700000E-07,7.0000000E+01,1,0.0000000E+00
112,1.2512000E+01,1.0000000E-01,1,0.0000000E+00
112,6.0993000E+00,4.0000000E-01,1,0.0000000E+00
112,1.8875000E+00,7.0000000E-01,1,0.0000000E+00
112,6.6329000E-02,4.0000000E+00,1,0.0000000E+00
112,5.9289000E-03,2.0000000E+01,1,0.0000000E+00
113,1.2025000E+01,2.0000000E-01,1,0.0000000E+00
113,1.3957000E+00,1.0000000E+00,1,0.0000000E+00
113,1.1671000E-01,4.0000000E+00,1,0.0000000E+00
113,8.2273000E-02,7.0000000E+00,1,0.0000000E+00
113,1.9734000E-04,4.0000000E+01,1,0.0000000E+00
114,1.0411000E+01,4.0000000E-01,1,0.0000000E+00
114,2.6855000E+00,2.0000000E+00,1,0.0000000E+00
114,3.6964000E-01,1.0000000E+01,1,0.0000000E+00
114,1.0991000E-02,4.0000000E+01,1,0.0000000E+00
114,4.9829000E-04,7.0000000E+01,1,0.0000000E+00
115,1.5315000E+01,1.0000000E-01,1,0.0000000E+00
115,9.6014000E+00,4.0000000E-01,1,0.0000000E+00
115,8.6620000E+00,7.0000000E-01,1,0.0000000E+00
115,8.2529000E-01,4.0000000E+00,1,0.0000000E+00
115,1.0083000E-01,2.0000000E+01,1,0.0000000E+00
116,1.1324000E+01,2.0000000E-01,1,0.0000000E+00
116,1.9333000E+00,1.0000000E+00,1,0.0000000E+00
116,1.6386000E-01,4.0000000E+00,1,0.0000000E+00
116,9.0409000E-02,7.0000000E+00,1,0.0000000E+00
116,2.6382000E-04,4.0000000E+01,1,0.0000000E+00
117,6.0684000E+00,4.0000000E-01,1,0.0000000E+00
117,2.7096000E-01,2.0000000E+00,1,0.0000000E+00
117,3.8537000E-02,1.0000000E+01,1,0.0000000E+00
117,1.1993000E-04,4.0000000E+01,1,0.0000000E+00
117,3.0500000E-07,7.0000000E+01,1,0.0000000E+00
118,1.4538000E+01,1.0000000E-01,1,0.0000000E+00
118,9.0611000E+00,4.0000000E-01,1,0.0000000E+00
118,9.5366000E+00,7.0000000E-01,1,0.0000000E+00
118,1.6087000E+00,4.0000000E+00,1,0.0000000E+00
118,1.6396000E-01,2.0000000E+01,1,0.0000000E+00
119,1.1562000E+01,2.0000000E-01,1,0.0000000E+00
119,9.9227000E-01,1.0000000E+00,1,0.0000000E+00
119,9.7286000E-02,4.0000000E+00,1,0.0000000E+00
119,5.7561000E-02,7.0000000E+00,1,0.0000000E+00
119,5.3810000E-04,4.0000000E+01,1,0.0000000E+00
120,4.9348000E+00,4.0000000E-01,1,0.0000000E+00
120,1.8457000E-01,2.0000000E+00,1,0.0000000E+00
120,3.1621000E-02,1.0000000E+01,1,0.0000000E+00
120,1.1441000E-04,4.0000000E+01,1,0.0000000E+00
120,3.9100000E-07,7.0000000E+01,1,0.0000000E+00
121,1.2211000E+01,1.0000000E-01,1,0.0000000E+00
121,6.7341000E+00,4.0000000E-01,1,0.0000000E+00
121,3.5254000E+00,7.0000000E-01,1,0.0000000E+00
121,1.5341000E-01,4.0000000E+00,1,0.0000000E+00
121,8.6538000E-03,2.0000000E+01,1,0.0000000E+00
122,9.7901000E+00,2.0000000E-01,1,0.0000000E+00
122,2.1891000E+00,1.0000000E+00,1,0.0000000E+00
122,1.3936000E-01,4.0000000E+00,1,0.0000000E+00
122,9.7090000E-02,7.0000000E+00,1,0.0000000E+00
122,7.3084000E-04,4.0000000E+01,1,0.0000000E+00
123,1.0950000E+01,4.0000000E-01,1,0.0000000E+00
123,5.0608000E+00,2.0000000E+00,1,0.0000000E+00
123,1.0237000E+00,1.0000000E+01,1,0.0000000E+00
123,9.6902000E-02,4.0000000E+01,1,0.0000000E+00
123,8.8424000E-03,7.0000000E+01,1,0.0000000E+00
124,1.3278000E+01,1.0000000E-01,1,0.0000000E+00
124,1.0265000E+01,4.0000000E-01,1,0.0000000E+00
124,6.5742000E+00,7.0000000E-01,1,0.0000000E+00
124,2.2152000E+00,4.0000000E+00,1,0.0000000E+00
124,2.4264000E-01,2.0000000E+01,1,0.0000000E+00
125,7.6298000E+00,2.0000000E-01,1,0.0000000E+00
125,1.6287000E+00,1.0000000E+00,1,0.0000000E+00
125,1.1480000E-01,4.0000000E+00,1,0.0000000E+00
125,6.1433000E-02,7.0000000E+00,1,0.0000000E+00
125,8.1000000E-05,4.0000000E+01,1,0.0000000E+00
126,1.3261000E+01,4.0000000E-01,1,0.0000000E+00
126,3.8232000E+00,2.0000000E+00,1,0.0000000E+00
126,1.0423000E+00,1.0000000E+01,1,0.0000000E+00
126,2.9978000E-02,4.0000000E+01,1,0.0000000E+00
126,1.0353000E-03,7.0000000E+01,1,0.0000000E+00
127,1.3248000E+01,1.0000000E-01,1,0.0000000E+00
127,5.7321000E+00,4.0000000E-01,1,0.0000000E+00
127,3.7932000E+00,7.0000000E-01,1,0.0000000E+00
127,1.2204000E-01,4.0000000E+00,1,0.0000000E+00
127,1.0439000E-02,2.0000000E+01,1,0.0000000E+00
128,1.3999000E+01,2.0000000E-01,1,0.0000000E+00
128,6.6484000E-01,1.0000000E+00,1,0.0000000E+00
128,1.2347000E-01,4.0000000E+00,1,0.0000000E+00
128,5.5677000E-02,7.0000000E+00,1,0.0000000E+00
128,4.4962000E-04,4.0000000E+01,1,0.0000000E+00
129,5.4054000E+00,4.0000000E-01,1,0.0000000E+00
129,3.2548000E-01,2.0000000E+00,1,0.0000000E+00
129,4.9796000E-02,1.0000000E+01,1,0.0000000E+00
129,2.5346000E-04,4.0000000E+01,1,0.0000000E+00
129,1.2700000E-06,7.0000000E+01,1,0.0000000E+00
130,1.6560000E+01,1.0000000E-01,1,0.0000000E+00
130,1.0690000E+01,4.0000000E-01,1,0.0000000E+00
130,6.9377000E+00,7.0000000E-01,1,0.0000000E+00
130,3.7580000E-01,4.0000000E+00,1,0.0000000E+00
130,3.5928000E-02,2.0000000E+01,1,0.0000000E+00
131,1.0542000E+01,2.0000000E-01,1,0.0000000E+00
131,2.0481000E+00,1.0000000E+00,1,0.0000000E+00
131,1.5214000E-01,4.0000000E+00,1,0.0000000E+00
131,8.4431000E-02,7.0000000E+00,1,0.0000000E+00
131,1.1839000E-04,4.0000000E+01,1,0.0000000E+00
132,4.8545000E+00,4.0000000E-01,1,0.0000000E+00
132,7.9313000E-02,2.0000000E+00,1,0.0000000E+00
132,1.8416000E-02,1.0000000E+01,1,0.0000000E+00
132,8.5000000E-05,4.0000000E+01,1,0.0000000E+00
132,3.3900000E-07,7.0000000E+01,1,0.0000000E+00
133,1.3393000E+01,1.0000000E-01,1,0.0000000E+00
133,7.4060000E+00,4.0000000E-01,1,0.0000000E+00
133,3.6192000E+00,7.0000000E-01,1,0.0000000E+00
133,9.3773000E-02,4.0000000E+00,1,0.0000000E+00
133,1.4097000E-02,2.0000000E+01,1,0.0000000E+00
134,1.0346000E+01,2.0000000E-01,1,0.0000000E+00
134,7.1073000E+00,1.0000000E+00,1,0.0000000E+00
134,2.4472000E+00,4.0000000E+00,1,0.0000000E+00
134,1.3135000E+00,7.0000000E+00,1,0.0000000E+00
134,8.8389000E-02,4.0000000E+01,1,0.0000000E+00
135,1.2935000E+01,4.0000000E-01,1,0.0000000E+00
135,1.7155000E+00,2.0000000E+00,1,0.0000000E+00
135,2.1211000E-01,1.0000000E+01,1,0.0000000E+00
135,6.8270000E-03,4.0000000E+01,1,0.0000000E+00
135,1.8567000E-04,7.0000000E+01,1,0.0000000E+00
136,1.4005000E+01,1.0000000E-01,1,0.0000000E+00
136,5.9619000E+00,4.0000000E-01,1,0.0000000E+00
136,3.7923000E+00,7.0000000E-01,1,0.0000000E+00
136,1.1492000E-01,4.0000000E+00,1,0.0000000E+00
136,1.1156000E-02,2.0000000E+01,1,0.0000000E+00
137,1.5044000E+01,2.0000000E-01,1,0.0000000E+00
137,4.7568000E+00,1.0000000E+00,1,0.0000000E+00
137,6.8430000E-01,4.0000000E+00,1,0.0000000E+00
137,4.0496000E-01,7.0000000E+00,1,0.0000000E+00
137,8.2450000E-03,4.0000000E+01,1,0.0000000E+00
138,3.4520000E+00,4.0000000E-01,1,0.0000000E+00
138,7.3025000E-02,2.0000000E+00,1,0.0000000E+00
138,1.4411000E-02,1.0000000E+01,1,0.0000000E+00
138,6.0900000E-05,4.0000000E+01,1,0.0000000E+00
138,2.5100000E-07,7.0000000E+01,1,0.0000000E+00
139,1.4222000E+01,1.0000000E-01,1,0.0000000E+00
139,7.3796000E+00,4.0000000E-01,1,0.0000000E+00
139,4.8861000E+00,7.0000000E-01,1,0.0000000E+00
139,2.4027000E-01,4.0000000E+00,1,0.0000000E+00
139,9.1996000E-03,2.0000000E+01,1,0.0000000E+00
140,1.1047000E+01,2.0000000E-01,1,0.0000000E+00
140,9.0485000E+00,1.0000000E+00,1,0.0000000E+00
140,2.3416000E+00,4.0000000E+00,1,0.0000000E+00
140,1.2155000E+00,7.0000000E+00,1,0.0000000E+00
140,6.1503000E-02,4.0000000E+01,1,0.0000000E+00
141,3.2455000E+00,4.0000000E-01,1,0.0000000E+00
141,5.0827000E-02,2.0000000E+00,1,0.0000000E+00
141,1.1826000E-02,1.0000000E+01,1,0.0000000E+00
141,1.4754000E-04,4.0000000E+01,1,0.0000000E+00
141,1.1500000E-06,7.0000000E+01,1,0.0000000E+00
142,1.0666000E+01,1.0000000E-01,1,0.0000000E+00
142,6.5198000E+00,4.0000000E-01,1,0.0000000E+00
142,4.1126000E+00,7.0000000E-01,1,0.0000000E+00
142,1.2140000E-01,4.0000000E+00,1,0.0000000E+00
142,7.3798000E-03,2.0000000E+01,1,0.0000000E+00
143,1.2531000E+01,2.0000000E-01,1,0.0000000E+00
143,5.2622000E+00,1.0000000E+00,1,0.0000000E+00
143,9.1869000E-01,4.0000000E+00,1,0.0000000E+00
143,4.4965000E-01,7.0000000E+00,1,0.0000000E+00
143,8.0272000E-03,4.0000000E+01,1,0.0000000E+00
144,6.3189000E+00,4.0000000E-01,1,0.0000000E+00
144,7.0537000E-01,2.0000000E+00,1,0.0000000E+00
144,6.3241000E-02,1.0000000E+01,1,0.0000000E+00
144,1.7808000E-04,4.0000000E+01,1,0.0000000E+00
144,5.9800000E-07,7.0000000E+01,1,0.0000000E+00
145,2.1878000E+01,1.0000000E-01,1,0.0000000E+00
145,9.3661000E+00,4.0000000E-01,1,0.0000000E+00
145,4.2236000E+00,7.0000000E-01,1,0.0000000E+00
145,2.0557000E-01,4.0000000E+00,1,0.0000000E+00
145,1.2797000E-02,2.0000000E+01,1,0.0000000E+00
146,1.1386000E+01,2.0000000E-01,1,0.0000000E+00
146,2.5068000E+00,1.0000000E+00,1,0.0000000E+00
146,1.3930000E-01,4.0000000E+00,1,0.0000000E+00
146,9.3825000E-02,7.0000000E+00,1,0.0000000E+00
146,5.1547000E-04,4.0000000E+01,1,0.0000000E+00
147,6.9791000E+00,4.0000000E-01,1,0.0000000E+00
147,6.2247000E-01,2.0000000E+00,1,0.0000000E+00
147,7.2396000E-02,1.0000000E+01,1,0.0000000E+00
147,2.3678000E-04,4.0000000E+01,1,0.0000000E+00
147,6.5300000E-07,7.0000000E+01,1,0.0000000E+00
148,9.9909000E+00,1.0000000E-01,1,0.0000000E+00
148,7.4340000E+00,4.0000000E-01,1,0.0000000E+00
148,4.6631000E+00,7.0000000E-01,1,0.0000000E+00
148,1.6670000E-01,4.0000000E+00,1,0.0000000E+00
148,1.3362000E-02,2.0000000E+01,1,0.0000000E+00
149,1.1945000E+01,2.0000000E-01,1,0.0000000E+00
149,5.6433000E+00,1.0000000E+00,1,0.0000000E+00
149,2.1376000E+00,4.0000000E+00,1,0.0000000E+00
149,1.1004000E+00,7.0000000E+00,1,0.0000000E+00
149,6.4058000E-02,4.0000000E+01,1,0.0000000E+00
150,8.7862000E+00,4.0000000E-01,1,0.0000000E+00
150,5.8987000E-01,2.0000000E+00,1,0.0000000E+00
150,4.8506000E-02,1.0000000E+01,1,0.0000000E+00
150,1.3889000E-03,4.0000000E+01,1,0.0000000E+00
150,3.7300000E-05,7.0000000E+01,1,0.0000000E+00
151,1.4682000E+01,1.0000000E-01,1,0.0000000E+00
151,7.2755000E+00,4.0000000E-01,1,0.0000000E+00
151,3.2551000E+00,7.0000000E-01,1,0.0000000E+00
151,1.4522000E-01,4.0000000E+00,1,0.0000000E+00
151,9.4860000E-03,2.0000000E+01,1,0.0000000E+00
152,9.4195000E+00,2.0000000E-01,1,0.0000000E+00
152,7.0726000E+00,1.0000000E+00,1,0.0000000E+00
152,3.0525000E+00,4.0000000E+00,1,0.0000000E+00
152,1.8228000E+00,7.0000000E+00,1,0.0000000E+00
152,1.1269000E-01,4.0000000E+01,1,0.0000000E+00
153,8.1684000E+00,4.0000000E-01,1,0.0000000E+00
153,5.9487000E-01,2.0000000E+00,1,0.0000000E+00
153,6.1017000E-02,1.0000000E+01,1,0.0000000E+00
153,3.5955000E-04,4.0000000E+01,1,0.0000000E+00
153,2.4400000E-06,7.0000000E+01,1,0.0000000E+00
154,1.0882000E+01,1.0000000E-01,1,0.0000000E+00
154,1.0285000E+01,4.0000000E-01,1,0.0000000E+00
154,7.9930000E+00,7.0000000E-01,1,0.0000000E+00
154,3.0675000E+00,4.0000000E+00,1,0.0000000E+00
154,7.4543000E-01,2.0000000E+01,1,0.0000000E+00
155,9.2795000E+00,2.0000000E-01,1,0.0000000E+00
155,1.8624000E-01,1.0000000E+00,1,0.0000000E+00
155,4.9404000E-02,4.0000000E+00,1,0.0000000E+00
155,2.7395000E-02,7.0000000E+00,1,0.0000000E+00
155,7.2100000E-05,4.0000000E+01,1,0.0000000E+00
156,5.4408000E+00,4.0000000E-01,1,0.0000000E+00
156,2.6853000E-01,2.0000000E+00,1,0.0000000E+00
156,3.5313000E-02,1.0000000E+01,1,0.0000000E+00
156,1.4396000E-04,4.0000000E+01,1,0.0000000E+00
156,5.7500000E-07,7.0000000E+01,1,0.0000000E+00
157,1.2914000E+01,1.0000000E-01,1,0.0000000E+00
157,5.1465000E+00,4.0000000E-01,1,0.0000000E+00
157,1.6625000E+00,7.0000000E-01,1,0.0000000E+00
157,7.5016000E-02,4.0000000E+00,1,0.0000000E+00
157,3.5521000E-03,2.0000000E+01,1,0.0000000E+00
158,1.0549000E+01,2.0000000E-01,1,0.0000000E+00
158,2.2560000E+00,1.0000000E+00,1,0.0000000E+00
158,1.2735000E-01,4.0000000E+00,1,0.0000000E+00
158,7.7550000E-02,7.0000000E+00,1,0.0000000E+00
158,1.8545000E-04,4.0000000E+01,1,0.0000000E+00
159,5.5169000E+00,4.0000000E-01,1,0.0000000E+00
159,1.3578000E-01,2.0000000E+00,1,0.0000000E+00
159,2.1403000E-02,1.0000000E+01,1,0.0000000E+00
159,1.3223000E-04,4.0000000E+01,1,0.0000000E+00
159,6.4300000E-07,7.0000000E+01,1,0.0000000E+00
160,1.0137000E+01,1.0000000E-01,1,0.0000000E+00
160,6.6040000E+00,4.0000000E-01,1,0.0000000E+00
160,3.1326000E+00,7.0000000E-01,1,0.0000000E+00
160,1.0504000E-01,4.0000000E+00,1,0.0000000E+00
160,6.2725000E-03,2.0000000E+01,1,0.0000000E+00
161,1.1858000E+01,2.0000000E-01,1,0.0000000E+00
161,1.9747000E+00,1.0000000E+00,1,0.0000000E+00
161,1.1901000E-01,4.0000000E+00,1,0.0000000E+00
161,8.3353000E-02,7.0000000E+00,1,0.0000000E+00
161,4.3681000E-04,4.0000000E+01,1,0.0000000E+00
162,6.6039000E+00,4.0000000E-01,1,0.0000000E+00
162,2.3234000E-01,2.0000000E+00,1,0.0000000E+00
162,2.7263000E-02,1.0000000E+01,1,0.0000000E+00
162,1.8768000E-04,4.0000000E+01,1,0.0000000E+00
162,1.5100000E-06,7.0000000E+01,1,0.0000000E+00
163,8.9375000E+00,1.0000000E-01,1,0.0000000E+00
163,1.0041000E+01,4.0000000E-01,1,0.0000000E+00
163,7.8188000E+00,7.0000000E-01,1,0.0000000E+00
163,2.3595000E+00,4.0000000E+00,1,0.0000000E+00
163,5.7239000E-01,2.0000000E+01,1,0.0000000E+00
164,1.1846000E+01,2.0000000E-01,1,0.0000000E+00
164,2.2924000E+00,1.0000000E+00,1,0.0000000E+00
164,1.8563000E-01,4.0000000E+00,1,0.0000000E+00
164,1.0617000E-01,7.0000000E+00,1,0.0000000E+00
164,1.6465000E-04,4.0000000E+01,1,0.0000000E+00
165,1.0188000E+01,4.0000000E-01,1,0.0000000E+00
165,3.2024000E+00,2.0000000E+00,1,0.0000000E+00
165,5.0370000E-01,1.0000000E+01,1,0.0000000E+00
165,2.0959000E-02,4.0000000E+01,1,0.0000000E+00
165,1.2143000E-03,7.0000000E+01,1,0.0000000E+00
166,2.1086000E+01,1.0000000E-01,1,0.0000000E+00
166,2.8762000E+00,4.0000000E-01,1,0.0000000E+00
166,6.4777000E-01,7.0000000E-01,1,0.0000000E+00
166,6.1628000E-02,4.0000000E+00,1,0.0000000E+00
166,4.0368000E-03,2.0000000E+01,1,0.0000000E+00
167,1.5881000E+01,2.0000000E-01,1,0.0000000E+00
167,5.3688000E+00,1.0000000E+00,1,0.0000000E+00
167,6.7664000E-01,4.0000000E+00,1,0.0000000E+00
167,3.5060000E-01,7.0000000E+00,1,0.0000000E+00
167,1.0172000E-02,4.0000000E+01,1,0.0000000E+00
168,3.1381000E+00,4.0000000E-01,1,0.0000000E+00
168,7.4712000E-02,2.0000000E+00,1,0.0000000E+00
168,1.6813000E-02,1.0000000E+01,1,0.0000000E+00
168,8.1200000E-05,4.0000000E+01,1,0.0000000E+00
168,3.9300000E-07,7.0000000E+01,1,0.0000000E+00
169,1.5900000E+01,1.0000000E-01,1,0.0000000E+00
169,5.9781000E+00,4.0000000E-01,1,0.0000000E+00
169,2.5572000E+00,7.0000000E-01,1,0.0000000E+00
169,9.2469000E-02,4.0000000E+00,1,0.0000000E+00
169,3.2566000E-03,2.0000000E+01,1,0.0000000E+00
170,4.6116000E+00,2.0000000E-01,1,0.0000000E+00
170,3.5229000E-02,1.0000000E+00,1,0.0000000E+00
170,2.0837000E-02,4.0000000E+00,1,0.0000000E+00
170,1.4068000E-02,7.0000000E+00,1,0.0000000E+00
170,2.5000000E-05,4.0000000E+01,1,0.0000000E+00
171,1.1156000E+01,4.0000000E-01,1,0.0000000E+00
171,3.2546000E+00,2.0000000E+00,1,0.0000000E+00
171,8.8542000E-01,1.0000000E+01,1,0.0000000E+00
171,2.4822000E-02,4.0000000E+01,1,0.0000000E+00
171,8.9349000E-04,7.0000000E+01,1,0.0000000E+00
172,1.6998000E+01,1.0000000E-01,1,0.0000000E+00
172,6.3359000E+00,4.0000000E-01,1,0.0000000E+00
172,2.2760000E+00,7.0000000E-01,1,0.0000000E+00
172,1.2568000E-01,4.0000000E+00,1,0.0000000E+00
172,5.4632000E-03,2.0000000E+01,1,0.0000000E+00
173,9.5378000E+00,2.0000000E-01,1,0.0000000E+00
173,2.1424000E+00,1.0000000E+00,1,0.0000000E+00
173,1.4587000E-01,4.0000000E+00,1,0.0000000E+00
173,7.8473000E-02,7.0000000E+00,1,0.0000000E+00
173,2.6685000E-04,4.0000000E+01,1,0.0000000E+00
174,6.8100000E+00,4.0000000E-01,1,0.0000000E+00
174,1.8476000E-01,2.0000000E+00,1,0.0000000E+00
174,3.8679000E-02,1.0000000E+01,1,0.0000000E+00
174,2.4477000E-04,4.0000000E+01,1,0.0000000E+00
174,2.5500000E-06,7.0000000E+01,1,0.0000000E+00
175,1.1680000E+01,1.0000000E-01,1,0.0000000E+00
175,5.2850000E+00,4.0000000E-01,1,0.0000000E+00
175,2.4470000E+00,7.0000000E-01,1,0.0000000E+00
175,1.4185000E-01,4.0000000E+00,1,0.0000000E+00
175,5.6928000E-03,2.0000000E+01,1,0.0000000E+00
176,1.0873000E+01,2.0000000E-01,1,0.0000000E+00
176,9.8210000E-01,1.0000000E+00,1,0.0000000E+00
176,1.0271000E-01,4.0000000E+00,1,0.0000000E+00
176,5.5503000E-02,7.0000000E+00,1,0.0000000E+00
176,3.5300000E-05,4.0000000E+01,1,0.0000000E+00
177,4.7833000E+00,4.0000000E-01,1,0.0000000E+00
177,1.3099000E-01,2.0000000E+00,1,0.0000000E+00
177,2.0053000E-02,1.0000000E+01,1,0.0000000E+00
177,2.8100000E-05,4.0000000E+01,1,0.0000000E+00
177,3.9300000E-08,7.0000000E+01,1,0.0000000E+00
178,1.3948000E+01,1.0000000E-01,1,0.0000000E+00
178,1.1765000E+01,4.0000000E-01,1,0.0000000E+00
178,8.4423000E+00,7.0000000E-01,1,0.0000000E+00
178,1.5967000E+00,4.0000000E+00,1,0.0000000E+00
178,2.6133000E-01,2.0000000E+01,1,0.0000000E+00
179,1.0502000E+01,2.0000000E-01,1,0.0000000E+00
179,1.8509000E+00,1.0000000E+00,1,0.0000000E+00
179,1.4165000E-01,4.0000000E+00,1,0.0000000E+00
179,8.3024000E-02,7.0000000E+00,1,0.0000000E+00
179,3.3511000E-04,4.0000000E+01,1,0.0000000E+00
180,5.5533000E+00,4.0000000E-01,1,0.0000000E+00
180,1.9137000E-01,2.0000000E+00,1,0.0000000E+00
180,2.7945000E-02,1.0000000E+01,1,0.0000000E+00
180,1.0639000E-04,4.0000000E+01,1,0.0000000E+00
180,9.3200000E-07,7.0000000E+01,1,0.0000000E+00
181,1.1807000E+01,1.0000000E-01,1,0.0000000E+00
181,5.8465000E+00,4.0000000E-01,1,0.0000000E+00
181,3.1196000E+00,7.0000000E-01,1,0.0000000E+00
181,9.5463000E-02,4.0000000E+00,1,0.0000000E+00
181,8.9613000E-03,2.0000000E+01,1,0.0000000E+00
182,8.8146000E+00,2.0000000E-01,1,0.0000000E+00
182,2.2355000E+00,1.0000000E+00,1,0.0000000E+00
182,1.4180000E-01,4.0000000E+00,1,0.0000000E+00
182,5.9478000E-02,7.0000000E+00,1,0.0000000E+00
182,7.6600000E-05,4.0000000E+01,1,0.0000000E+00
183,7.4582000E+00,4.0000000E-01,1,0.0000000E+00
183,4.4123000E+00,2.0000000E+00,1,0.0000000E+00
183,1.4827000E+00,1.0000000E+01,1,0.0000000E+00
183,1.9782000E-01,4.0000000E+01,1,0.0000000E+00
183,2.4307000E-02,7.0000000E+01,1,0.0000000E+00
184,1.3847000E+01,1.0000000E-01,1,0.0000000E+00
184,1.2218000E+01,4.0000000E-01,1,0.0000000E+00
184,1.0805000E+01,7.0000000E-01,1,0.0000000E+00
184,2.5830000E+00,4.0000000E+00,1,0.0000000E+00
184,4.9663000E-01,2.0000000E+01,1,0.0000000E+00
185,1.1366000E+01,2.0000000E-01,1,0.0000000E+00
185,1.8601000E-01,1.0000000E+00,1,0.0000000E+00
185,5.4258000E-02,4.0000000E+00,1,0.0000000E+00
185,3.8805000E-02,7.0000000E+00,1,0.0000000E+00
185,1.9924000E-04,4.0000000E+01,1,0.0000000E+00
186,5.6576000E+00,4.0000000E-01,1,0.0000000E+00
186,2.3523000E-01,2.0000000E+00,1,0.0000000E+00
186,3.0913000E-02,1.0000000E+01,1,0.0000000E+00
186,1.3895000E-04,4.0000000E+01,1,0.0000000E+00
186,5.3400000E-07,7.0000000E+01,1,0.0000000E+00
187,1.4906000E+01,1.0000000E-01,1,0.0000000E+00
187,8.3562000E+00,4.0000000E-01,1,0.0000000E+00
187,6.2820000E+00,7.0000000E-01,1,0.0000000E+00
187,6.7816000E-01,4.0000000E+00,1,0.0000000E+00
187,6.6037000E-02,2.0000000E+01,1,0.0000000E+00
188,1.2985000E+01,2.0000000E-01,1,0.0000000E+00
188,5.7742000E+00,1.0000000E+00,1,0.0000000E+00
188,1.5346000E+00,4.0000000E+00,1,0.0000000E+00
188,7.9894000E-01,7.0000000E+00,1,0.0000000E+00
188,1.7294000E-02,4.0000000E+01,1,0.0000000E+00
189,6.0224000E+00,4.0000000E-01,1,0.0000000E+00
189,2.7610000E-01,2.0000000E+00,1,0.0000000E+00
189,3.4950000E-02,1.0000000E+01,1,0.0000000E+00
189,4.4206000E-04,4.0000000E+01,1,0.0000000E+00
189,6.3300000E-06,7.0000000E+01,1,0.0000000E+00
190,9.1568000E+00,1.0000000E-01,1,0.0000000E+00
190,8.0976000E+00,4.0000000E-01,1,0.0000000E+00
190,7.3369000E+00,7.0000000E-01,1,0.0000000E+00
190,2.4629000E+00,4.0000000E+00,1,0.0000000E+00
190,2.8901000E-01,2.0000000E+01,1,0.0000000E+00
191,1.1827000E+01,2.0000000E-01,1,0.0000000E+00
191,8.2069000E+00,1.0000000E+00,1,0.0000000E+00
191,3.3740000E+00,4.0000000E+00,1,0.0000000E+00
191,2.0219000E+00,7.0000000E+00,1,0.0000000E+00
191,1.5336000E-01,4.0000000E+01,1,0.0000000E+00
192,6.9719000E+00,4.0000000E-01,1,0.0000000E+00
192,3.4203000E-01,2.0000000E+00,1,0.0000000E+00
192,3.9561000E-02,1.0000000E+01,1,0.0000000E+00
192,3.0075000E-04,4.0000000E+01,1,0.0000000E+00
192,1.8200000E-06,7.0000000E+01,1,0.0000000E+00
193,1.9604000E+01,1.0000000E-01,1,0.0000000E+00
193,9.1778000E+00,4.0000000E-01,1,0.0000000E+00
193,6.0897000E+00,7.0000000E-01,1,0.0000000E+00
193,3.0118000E-01,4.0000000E+00,1,0.0000000E+00
193,2.5044000E-02,2.0000000E+01,1,0.0000000E+00
194,1.3955000E+01,2.0000000E-01,1,0.0000000E+00
194,3.1950000E+00,1.0000000E+00,1,0.0000000E+00
194,3.0075000E-01,4.0000000E+00,1,0.0000000E+00
194,1.8807000E-01,7.0000000E+00,1,0.0000000E+00
194,1.1424000E-03,4.0000000E+01,1,0.0000000E+00
195,2.1268000E+00,4.0000000E-01,1,0.0000000E+00
195,4.2751000E-02,2.0000000E+00,1,0.0000000E+00
195,1.2455000E-02,1.0000000E+01,1,0.0000000E+00
195,4.9600000E-05,4.0000000E+01,1,0.0000000E+00
195,2.2400000E-07,7.0000000E+01,1,0.0000000E+00
196,1.4786000E+01,1.0000000E-01,1,0.0000000E+00
196,1.1524000E+01,4.0000000E-01,1,0.0000000E+00
196,8.6778000E+00,7.0000000E-01,1,0.0000000E+00
196,1.7777000E+00,4.0000000E+00,1,0.0000000E+00
196,2.0906000E-01,2.0000000E+01,1,0.0000000E+00
197,1.1105000E+01,2.0000000E-01,1,0.0000000E+00
197,1.2966000E+00,1.0000000E+00,1,0.0000000E+00
197,1.0621000E-01,4.0000000E+00,1,0.0000000E+00
197,5.2554000E-02,7.0000000E+00,1,0.0000000E+00
197,3.0191000E-04,4.0000000E+01,1,0.0000000E+00
198,6.2767000E+00,4.0000000E-01,1,0.0000000E+00
198,4.6266000E-01,2.0000000E+00,1,0.0000000E+00
198,6.6023000E-02,1.0000000E+01,1,0.0000000E+00
198,2.6252000E-04,4.0000000E+01,1,0.0000000E+00
198,1.2300000E-06,7.0000000E+01,1,0.0000000E+00
199,2.0286000E+01,1.0000000E-01,1,0.0000000E+00
199,9.5609000E+00,4.0000000E-01,1,0.0000000E+00
199,5.6417000E+00,7.0000000E-01,1,0.0000000E+00
199,2.3926000E-01,4.0000000E+00,1,0.0000000E+00
199,2.4980000E-02,2.0000000E+01,1,0.0000000E+00
200,1.0097000E+01,2.0000000E-01,1,0.0000000E+00
200,7.7302000E+00,1.0000000E+00,1,0.0000000E+00
200,2.8567000E+00,4.0000000E+00,1,0.0000000E+00
200,1.3984000E+00,7.0000000E+00,1,0.0000000E+00
200,8.9175000E-02,4.0000000E+01,1,0.0000000E+00
201,3.3961000E+00,4.0000000E-01,2,1.0000000E+00
201,6.4396000E-02,2.0000000E+00,2,1.0000000E+00
201,1.9983000E-02,1.0000000E+01,2,1.0000000E+00
201,1.8286000E-04,4.0000000E+01,2,1.0000000E+00
201,1.5700000E-06,7.0000000E+01,2,1.0000000E+00
202,1.4844000E+01,1.0000000E-01,2,1.0000000E+00
202,1.0840000E+01,4.0000000E-01,2,1.0000000E+00
202,8.5472000E+00,7.0000000E-01,2,1.0000000E+00
202,1.4334000E+00,4.0000000E+00,2,1.0000000E+00
202,2.1432000E-01,2.0000000E+01,2,1.0000000E+00
203,1.7291000E+01,2.0000000E-01,2,1.0000000E+00
203,5.7484000E+00,1.0000000E+00,2,1.0000000E+00
203,1.1316000E+00,4.0000000E+00,2,1.0000000E+00
203,6.2042000E-01,7.0000000E+00,2,1.0000000E+00
203,1.1668000E-02,4.0000000E+01,2,1.0000000E+00
204,8.5243000E+00,4.0000000E-01,2,1.0000000E+00
204,4.5505000E+00,2.0000000E+00,2,1.0000000E+00
204,7.4146000E-01,1.0000000E+01,2,1.0000000E+00
204,5.3331000E-02,4.0000000E+01,2,1.0000000E+00
204,3.1101000E-03,7.0000000E+01,2,1.0000000E+00
205,1.3422000E+01,1.0000000E-01,2,1.0000000E+00
205,6.2888000E+00,4.0000000E-01,2,1.0000000E+00
205,2.6303000E+00,7.0000000E-01,2,1.0000000E+00
205,9.8801000E-02,4.0000000E+00,2,1.0000000E+00
205,5.2374000E-03,2.0000000E+01,2,1.0000000E+00
206,1.1282000E+01,2.0000000E-01,2,1.0000000E+00
206,7.1286000E+00,1.0000000E+00,2,1.0000000E+00
206,1.9230000E+00,4.0000000E+00,2,1.0000000E+00
206,8.1319000E-01,7.0000000E+00,2,1.0000000E+00
206,3.3419000E-02,4.0000000E+01,2,1.0000000E+00
207,5.3665000E+00,4.0000000E-01,2,1.0000000E+00
207,1.6096000E-01,2.0000000E+00,2,1.0000000E+00
207,2.5174000E-02,1.0000000E+01,2,1.0000000E+00
207,5.0898000E-04,4.0000000E+01,2,1.0000000E+00
207,1.0700000E-05,7.0000000E+01,2,1.0000000E+00
208,1.0482000E+01,1.0000000E-01,2,1.0000000E+00
208,5.9518000E+00,4.0000000E-01,2,1.0000000E+00
208,3.7423000E+00,7.0000000E-01,2,1.0000000E+00
208,1.4642000E-01,4.0000000E+00,2,1.0000000E+00
208,6.0489000E-03,2.0000000E+01,2,1.0000000E+00
209,8.7819000E+00,2.0000000E-01,2,1.0000000E+00
209,1.4383000E+00,1.0000000E+00,2,1.0000000E+00
209,1.3834000E-01,4.0000000E+00,2,1.0000000E+00
209,6.2320000E-02,7.0000000E+00,2,1.0000000E+00
209,6.7000000E-05,4.0000000E+01,2,1.0000000E+00
210,6.5315000E+00,4.0000000E-01,2,1.0000000E+00
210,5.7895000E-01,2.0000000E+00,2,1.0000000E+00
210,4.5729000E-02,1.0000000E+01,2,1.0000000E+00
210,3.2091000E-04,4.0000000E+01,2,1.0000000E+00
210,2.5500000E-06,7.0000000E+01,2,1.0000000E+00
211,1.5139000E+01,1.0000000E-01,2,1.0000000E+00
211,5.4061000E+00,4.0000000E-01,2,1.0000000E+00
211,2.2039000E+00,7.0000000E-01,2,1.0000000E+00
211,6.7378000E-02,4.0000000E+00,2,1.0000000E+00
211,4.9636000E-03,2.0000000E+01,2,1.0000000E+00
212,1.0827000E+01,2.0000000E-01,2,1.0000000E+00
212,3.1829000E+00,1.0000000E+00,2,1.0000000E+00
212,2.1387000E-01,4.0000000E+00,2,1.0000000E+00
212,1.2903000E-01,7.0000000E+00,2,1.0000000E+00
212,2.2570000E-04,4.0000000E+01,2,1.0000000E+00
213,1.1934000E+01,4.0000000E-01,2,1.0000000E+00
213,3.7067000E+00,2.0000000E+00,2,1.0000000E+00
213,5.9486000E-01,1.0000000E+01,2,1.0000000E+00
213,2.1037000E-02,4.0000000E+01,2,1.0000000E+00
213,8.8251000E-04,7.0000000E+01,2,1.0000000E+00
214,1.3883000E+01,1.0000000E-01,2,1.0000000E+00
214,1.1525000E+01,4.0000000E-01,2,1.0000000E+00
214,1.0436000E+01,7.0000000E-01,2,1.0000000E+00
214,2.0970000E+00,4.0000000E+00,2,1.0000000E+00
214,4.0565000E-01,2.0000000E+01,2,1.0000000E+00
215,1.3814000E+01,2.0000000E-01,2,1.0000000E+00
215,5.2749000E+00,1.0000000E+00,2,1.0000000E+00
215,7.8984000E-01,4.0000000E+00,2,1.0000000E+00
215,4.9389000E-01,7.0000000E+00,2,1.0000000E+00
215,8.1379000E-03,4.0000000E+01,2,1.0000000E+00
216,1.0120000E+01,4.0000000E-01,2,1.0000000E+00
216,1.9626000E+00,2.0000000E+00,2,1.0000000E+00
216,2.5876000E-01,1.0000000E+01,2,1.0000000E+00
216,2.1645000E-03,4.0000000E+01,2,1.0000000E+00
216,2.3600000E-05,7.0000000E+01,2,1.0000000E+00
217,1.3014000E+01,1.0000000E-01,2,1.0000000E+00
217,9.3641000E+00,4.0000000E-01,2,1.0000000E+00
217,9.0618000E+00,7.0000000E-01,2,1.0000000E+00
217,1.7771000E+00,4.0000000E+00,2,1.0000000E+00
217,2.2724000E-01,2.0000000E+01,2,1.0000000E+00
218,1.0849000E+01,2.0000000E-01,2,1.0000000E+00
218,7.7045000E+00,1.0000000E+00,2,1.0000000E+00
218,1.8479000E+00,4.0000000E+00,2,1.0000000E+00
218,7.9003000E-01,7.0000000E+00,2,1.0000000E+00
218,8.7615000E-03,4.0000000E+01,2,1.0000000E+00
219,9.3618000E+00,4.0000000E-01,2,1.0000000E+00
219,4.4192000E+00,2.0000000E+00,2,1.0000000E+00
219,9.5064000E-01,1.0000000E+01,2,1.0000000E+00
219,7.4355000E-02,4.0000000E+01,2,1.0000000E+00
219,4.1867000E-03,7.0000000E+01,2,1.0000000E+00
220,1.5309000E+01,1.0000000E-01,2,1.0000000E+00
220,1.0062000E+01,4.0000000E-01,2,1.0000000E+00
220,9.8113000E+00,7.0000000E-01,2,1.0000000E+00
220,2.1223000E+00,4.0000000E+00,2,1.0000000E+00
220,2.5886000E-01,2.0000000E+01,2,1.0000000E+00
221,1.0755000E+01,2.0000000E-01,2,1.0000000E+00
221,5.4651000E+00,1.0000000E+00,2,1.0000000E+00
221,1.5257000E+00,4.0000000E+00,2,1.0000000E+00
221,8.3916000E-01,7.0000000E+00,2,1.0000000E+00
221,1.9819000E-02,4.0000000E+01,2,1.0000000E+00
222,6.9254000E+00,4.0000000E-01,2,1.0000000E+00
222,4.9883000E-01,2.0000000E+00,2,1.0000000E+00
222,6.0654000E-02,1.0000000E+01,2,1.0000000E+00
222,2.8479000E-04,4.0000000E+01,2,1.0000000E+00
222,1.4800000E-06,7.0000000E+01,2,1.0000000E+00
223,1.4054000E+01,1.0000000E-01,2,1.0000000E+00
223,5.5055000E+00,4.0000000E-01,2,1.0000000E+00
223,2.5983000E+00,7.0000000E-01,2,1.0000000E+00
223,7.4162000E-02,4.0000000E+00,2,1.0000000E+00
223,6.5586000E-03,2.0000000E+01,2,1.0000000E+00
224,1.3978000E+01,2.0000000E-01,2,1.0000000E+00
224,6.1039000E+00,1.0000000E+00,2,1.0000000E+00
224,1.7439000E+00,4.0000000E+00,2,1.0000000E+00
224,8.8394000E-01,7.0000000E+00,2,1.0000000E+00
224,3.6364000E-02,4.0000000E+01,2,1.0000000E+00
225,1.0919000E+01,4.0000000E-01,2,1.0000000E+00
225,3.9464000E+00,2.0000000E+00,2,1.0000000E+00
225,6.3549000E-01,1.0000000E+01,2,1.0000000E+00
225,1.0933000E-02,4.0000000E+01,2,1.0000000E+00
225,3.1970000E-04,7.0000000E+01,2,1.0000000E+00
226,1.6265000E+01,1.0000000E-01,2,1.0000000E+00
226,4.5263000E+00,4.0000000E-01,2,1.0000000E+00
226,8.5398000E-01,7.0000000E-01,2,1.0000000E+00
226,6.9643000E-02,4.0000000E+00,2,1.0000000E+00
226,4.6175000E-03,2.0000000E+01,2,1.0000000E+00
227,9.7083000E+00,2.0000000E-01,2,1.0000000E+00
227,2.3743000E+00,1.0000000E+00,2,1.0000000E+00
227,2.2477000E-01,4.0000000E+00,2,1.0000000E+00
227,1.0430000E-01,7.0000000E+00,2,1.0000000E+00
227,1.1649000E-04,4.0000000E+01,2,1.0000000E+00
228,5.3397000E+00,4.0000000E-01,2,1.0000000E+00
228,1.4315000E-01,2.0000000E+00,2,1.0000000E+00
228,3.0149000E-02,1.0000000E+01,2,1.0000000E+00
228,1.2033000E-04,4.0000000E+01,2,1.0000000E+00
228,6.9700000E-07,7.0000000E+01,2,1.0000000E+00
229,1.2869000E+01,1.0000000E-01,2,1.0000000E+00
229,1.0327000E+01,4.0000000E-01,2,1.0000000E+00
229,9.0475000E+00,7.0000000E-01,2,1.0000000E+00
229,2.9449000E+00,4.0000000E+00,2,1.0000000E+00
229,5.0378000E-01,2.0000000E+01,2,1.0000000E+00
230,9.9060000E+00,2.0000000E-01,2,1.0000000E+00
230,2.3421000E+00,1.0000000E+00,2,1.0000000E+00
230,1.1584000E-01,4.0000000E+00,2,1.0000000E+00
230,8.1567000E-02,7.0000000E+00,2,1.0000000E+00
230,1.6976000E-04,4.0000000E+01,2,1.0000000E+00
231,1.0153000E+01,4.0000000E-01,2,1.0000000E+00
231,1.2828000E+00,2.0000000E+00,2,1.0000000E+00
231,1.9705000E-01,1.0000000E+01,2,1.0000000E+00
231,4.4172000E-03,4.0000000E+01,2,1.0000000E+00
231,6.1900000E-05,7.0000000E+01,2,1.0000000E+00
232,9.7193000E+00,1.0000000E-01,2,1.0000000E+00
232,6.0947000E+00,4.0000000E-01,2,1.0000000E+00
232,4.0962000E+00,7.0000000E-01,2,1.0000000E+00
232,1.3111000E-01,4.0000000E+00,2,1.0000000E+00
232,9.6105000E-03,2.0000000E+01,2,1.0000000E+00
233,1.3591000E+01,2.0000000E-01,2,1.0000000E+00
233,7.2350000E+00,1.0000000E+00,2,1.0000000E+00
233,1.8393000E+00,4.0000000E+00,2,1.0000000E+00
233,1.4298000E+00,7.0000000E+00,2,1.0000000E+00
233,4.1774000E-02,4.0000000E+01,2,1.0000000E+00
234,1.0262000E+01,4.0000000E-01,2,1.0000000E+00
234,4.8027000E+00,2.0000000E+00,2,1.0000000E+00
234,8.1572000E-01,1.0000000E+01,2,1.0000000E+00
234,3.7074000E-02,4.0000000E+01,2,1.0000000E+00
234,1.2617000E-03,7.0000000E+01,2,1.0000000E+00
235,1.3682000E+01,1.0000000E-01,2,1.0000000E+00
235,6.1175000E+00,4.0000000E-01,2,1.0000000E+00
235,3.6480000E+00,7.0000000E-01,2,1.0000000E+00
235,1.2785000E-01,4.0000000E+00,2,1.0000000E+00
235,6.5918000E-03,2.0000000E+01,2,1.0000000E+00
236,8.8437000E+00,2.0000000E-01,2,1.0000000E+00
236,7.6203000E+00,1.0000000E+00,2,1.0000000E+00
236,2.2934000E+00,4.0000000E+00,2,1.0000000E+00
236,1.3546000E+00,7.0000000E+00,2,1.0000000E+00
236,1.0291000E-01,4.0000000E+01,2,1.0000000E+00
237,7.2746000E+00,4.0000000E-01,2,1.0000000E+00
237,4.5173000E+00,2.0000000E+00,2,1.0000000E+00
237,9.9377000E-01,1.0000000E+01,2,1.0000000E+00
237,7.4247000E-02,4.0000000E+01,2,1.0000000E+00
237,6.6352000E-03,7.0000000E+01,2,1.0000000E+00
238,1.6331000E+01,1.0000000E-01,2,1.0000000E+00
238,1.0076000E+01,4.0000000E-01,2,1.0000000E+00
238,8.0829000E+00,7.0000000E-01,2,1.0000000E+00
238,4.3524000E-01,4.0000000E+00,2,1.0000000E+00
238,5.6987000E-02,2.0000000E+01,2,1.0000000E+00
239,1.0298000E+01,2.0000000E-01,2,1.0000000E+00
239,9.4492000E-01,1.0000000E+00,2,1.0000000E+00
239,1.2003000E-01,4.0000000E+00,2,1.0000000E+00
239,6.0049000E-02,7.0000000E+00,2,1.0000000E+00
239,9.1100000E-05,4.0000000E+01,2,1.0000000E+00
240,8.0156000E+00,4.0000000E-01,2,1.0000000E+00
240,4.2956000E-01,2.0000000E+00,2,1.0000000E+00
240,4.4332000E-02,1.0000000E+01,2,1.0000000E+00
240,3.9405000E-04,4.0000000E+01,2,1.0000000E+00
240,5.1200000E-06,7.0000000E+01,2,1.0000000E+00
241,1.2237000E+01,1.0000000E-01,2,1.0000000E+00
241,6.3902000E+00,4.0000000E-01,2,1.0000000E+00
241,4.4875000E+00,7.0000000E-01,2,1.0000000E+00
241,1.6012000E-01,4.0000000E+00,2,1.0000000E+00
241,1.2623000E-02,2.0000000E+01,2,1.0000000E+00
242,1.1341000E+01,2.0000000E-01,2,1.0000000E+00
242,8.3636000E+00,1.0000000E+00,2,1.0000000E+00
242,2.7026000E+00,4.0000000E+00,2,1.0000000E+00
242,1.5791000E+00,7.0000000E+00,2,1.0000000E+00
242,6.1663000E-02,4.0000000E+01,2,1.0000000E+00
243,6.0717000E+00,4.0000000E-01,2,1.0000000E+00
243,1.4705000E-01,2.0000000E+00,2,1.0000000E+00
243,3.3545000E-02,1.0000000E+01,2,1.0000000E+00
243,4.3354000E-04,4.0000000E+01,2,1.0000000E+00
243,5.2100000E-06,7.0000000E+01,2,1.0000000E+00
244,1.4356000E+01,1.0000000E-01,2,1.0000000E+00
244,5.6772000E+00,4.0000000E-01,2,1.0000000E+00
244,2.0185000E+00,7.0000000E-01,2,1.0000000E+00
244,6.2796000E-02,4.0000000E+00,2,1.0000000E+00
244,5.6730000E-03,2.0000000E+01,2,1.0000000E+00
245,1.5997000E+01,2.0000000E-01,2,1.0000000E+00
245,4.9569000E+00,1.0000000E+00,2,1.0000000E+00
245,5.3909000E-01,4.0000000E+00,2,1.0000000E+00
245,3.5886000E-01,7.0000000E+00,2,1.0000000E+00
245,5.3430000E-03,4.0000000E+01,2,1.0000000E+00
246,1.0165000E+01,4.0000000E-01,2,1.0000000E+00
246,4.0520000E+00,2.0000000E+00,2,1.0000000E+00
246,8.3117000E-01,1.0000000E+01,2,1.0000000E+00
246,4.9934000E-02,4.0000000E+01,2,1.0000000E+00
246,2.4333000E-03,7.0000000E+01,2,1.0000000E+00
247,1.9142000E+01,1.0000000E-01,2,1.0000000E+00
247,1.1591000E+01,4.0000000E-01,2,1.0000000E+00
247,9.2197000E+00,7.0000000E-01,2,1.0000000E+00
247,7.2172000E-01,4.0000000E+00,2,1.0000000E+00
247,1.0253000E-01,2.0000000E+01,2,1.0000000E+00
248,1.3442000E+01,2.0000000E-01,2,1.0000000E+00
248,5.2830000E+00,1.0000000E+00,2,1.0000000E+00
248,9.2133000E-01,4.0000000E+00,2,1.0000000E+00
248,5.3218000E-01,7.0000000E+00,2,1.0000000E+00
248,6.6986000E-03,4.0000000E+01,2,1.0000000E+00
249,7.3475000E+00,4.0000000E-01,2,1.0000000E+00
249,1.0779000E+00,2.0000000E+00,2,1.0000000E+00
249,7.9251000E-02,1.0000000E+01,2,1.0000000E+00
249,1.4621000E-03,4.0000000E+01,2,1.0000000E+00
249,3.1700000E-05,7.0000000E+01,2,1.0000000E+00
250,1.3766000E+01,1.0000000E-01,2,1.0000000E+00
250,1.0655000E+01,4.0000000E-01,2,1.0000000E+00
250,9.0926000E+00,7.0000000E-01,2,1.0000000E+00
250,1.8033000E+00,4.0000000E+00,2,1.0000000E+00
250,2.2072000E-01,2.0000000E+01,2,1.0000000E+00
251,8.0600000E+00,2.0000000E-01,2,1.0000000E+00
251,1.9892000E+00,1.0000000E+00,2,1.0000000E+00
251,1.3525000E-01,4.0000000E+00,2,1.0000000E+00
251,7.8444000E-02,7.0000000E+00,2,1.0000000E+00
251,3.1934000E-04,4.0000000E+01,2,1.0000000E+00
252,1.3671000E+01,4.0000000E-01,2,1.0000000E+00
252,4.3047000E+00,2.0000000E+00,2,1.0000000E+00
252,5.1084000E-01,1.0000000E+01,2,1.0000000E+00
252,3.0663000E-02,4.0000000E+01,2,1.0000000E+00
252,1.5517000E-03,7.0000000E+01,2,1.0000000E+00
253,1.2006000E+01,1.0000000E-01,2,1.0000000E+00
253,5.8466000E+00,4.0000000E-01,2,1.0000000E+00
253,2.8505000E+00,7.0000000E-01,2,1.0000000E+00
253,1.0679000E-01,4.0000000E+00,2,1.0000000E+00
253,6.4292000E-03,2.0000000E+01,2,1.0000000E+00
254,1.5055000E+01,2.0000000E-01,2,1.0000000E+00
254,2.3968000E+00,1.0000000E+00,2,1.0000000E+00
254,2.9416000E-01,4.0000000E+00,2,1.0000000E+00
254,1.7398000E-01,7.0000000E+00,2,1.0000000E+00
254,7.5092000E-04,4.0000000E+01,2,1.0000000E+00
255,6.0580000E+00,4.0000000E-01,2,1.0000000E+00
255,2.0500000E-01,2.0000000E+00,2,1.0000000E+00
255,2.4211000E-02,1.0000000E+01,2,1.0000000E+00
255,2.6900000E-05,4.0000000E+01,2,1.0000000E+00
255,6.2300000E-08,7.0000000E+01,2,1.0000000E+00
256,1.2660000E+01,1.0000000E-01,2,1.0000000E+00
256,4.9081000E+00,4.0000000E-01,2,1.0000000E+00
256,2.9224000E+00,7.0000000E-01,2,1.0000000E+00
256,1.0635000E-01,4.0000000E+00,2,1.0000000E+00
256,5.3866000E-03,2.0000000E+01,2,1.0000000E+00
257,9.7664000E+00,2.0000000E-01,2,1.0000000E+00
257,2.4974000E+00,1.0000000E+00,2,1.0000000E+00
257,1.2423000E-01,4.0000000E+00,2,1.0000000E+00
257,8.7227000E-02,7.0000000E+00,2,1.0000000E+00
257,8.2598000E-04,4.0000000E+01,2,1.0000000E+00
258,5.3422000E+00,4.0000000E-01,2,1.0000000E+00
258,2.2365000E-01,2.0000000E+00,2,1.0000000E+00
258,2.7736000E-02,1.0000000E+01,2,1.0000000E+00
258,1.9361000E-04,4.0000000E+01,2,1.0000000E+00
258,1.2100000E-06,7.0000000E+01,2,1.0000000E+00
259,1.2550000E+01,1.0000000E-01,2,1.0000000E+00
259,9.8665000E+00,4.0000000E-01,2,1.0000000E+00
259,9.7945000E+00,7.0000000E-01,2,1.0000000E+00
259,1.3893000E+00,4.0000000E+00,2,1.0000000E+00
259,1.4216000E-01,2.0000000E+01,2,1.0000000E+00
260,8.3567000E+00,2.0000000E-01,2,1.0000000E+00
260,9.3164000E-01,1.0000000E+00,2,1.0000000E+00
260,1.0319000E-01,4.0000000E+00,2,1.0000000E+00
260,5.0394000E-02,7.0000000E+00,2,1.0000000E+00
260,5.3500000E-05,4.0000000E+01,2,1.0000000E+00
261,6.6099000E+00,4.0000000E-01,2,1.0000000E+00
261,4.2030000E-01,2.0000000E+00,2,1.0000000E+00
261,4.6250000E-02,1.0000000E+01,2,1.0000000E+00
261,2.9915000E-04,4.0000000E+01,2,1.0000000E+00
261,2.3700000E-06,7.0000000E+01,2,1.0000000E+00
262,1.3654000E+01,1.0000000E-01,2,1.0000000E+00
262,1.1110000E+01,4.0000000E-01,2,1.0000000E+00
262,9.6640000E+00,7.0000000E-01,2,1.0000000E+00
262,2.5792000E+00,4.0000000E+00,2,1.0000000E+00
262,5.1708000E-01,2.0000000E+01,2,1.0000000E+00
263,9.4973000E+00,2.0000000E-01,2,1.0000000E+00
263,1.3421000E+00,1.0000000E+00,2,1.0000000E+00
263,1.0737000E-01,4.0000000E+00,2,1.0000000E+00
263,7.4425000E-02,7.0000000E+00,2,1.0000000E+00
263,1.7401000E-04,4.0000000E+01,2,1.0000000E+00
264,3.6446000E+00,4.0000000E-01,2,1.0000000E+00
264,8.9127000E-02,2.0000000E+00,2,1.0000000E+00
264,2.0303000E-02,1.0000000E+01,2,1.0000000E+00
264,1.0343000E-04,4.0000000E+01,2,1.0000000E+00
264,3.3400000E-07,7.0000000E+01,2,1.0000000E+00
265,1.5991000E+01,1.0000000E-01,2,1.0000000E+00
265,6.9554000E+00,4.0000000E-01,2,1.0000000E+00
265,3.8614000E+00,7.0000000E-01,2,1.0000000E+00
265,1.2428000E-01,4.0000000E+00,2,1.0000000E+00
265,5.7277000E-03,2.0000000E+01,2,1.0000000E+00
266,7.6319000E+00,2.0000000E-01,2,1.0000000E+00
266,9.6438000E-01,1.0000000E+00,2,1.0000000E+00
266,9.3808000E-02,4.0000000E+00,2,1.0000000E+00
266,4.9305000E-02,7.0000000E+00,2,1.0000000E+00
266,1.2126000E-04,4.0000000E+01,2,1.0000000E+00
267,1.1560000E+01,4.0000000E-01,2,1.0000000E+00
267,1.4790000E+00,2.0000000E+00,2,1.0000000E+00
267,1.9201000E-01,1.0000000E+01,2,1.0000000E+00
267,3.7204000E-03,4.0000000E+01,2,1.0000000E+00
267,4.9600000E-05,7.0000000E+01,2,1.0000000E+00
268,1.0721000E+01,1.0000000E-01,2,1.0000000E+00
268,1.0530000E+01,4.0000000E-01,2,1.0000000E+00
268,7.5413000E+00,7.0000000E-01,2,1.0000000E+00
268,2.1456000E+00,4.0000000E+00,2,1.0000000E+00
268,2.4869000E-01,2.0000000E+01,2,1.0000000E+00
269,1.4346000E+01,2.0000000E-01,2,1.0000000E+00
269,9.2545000E+00,1.0000000E+00,2,1.0000000E+00
269,1.9734000E+00,4.0000000E+00,2,1.0000000E+00
269,1.0550000E+00,7.0000000E+00,2,1.0000000E+00
269,5.2966000E-02,4.0000000E+01,2,1.0000000E+00
270,1.0275000E+01,4.0000000E-01,2,1.0000000E+00
270,1.4333000E+00,2.0000000E+00,2,1.0000000E+00
270,1.8840000E-01,1.0000000E+01,2,1.0000000E+00
270,1.4691000E-03,4.0000000E+01,2,1.0000000E+00
270,1.2900000E-05,7.0000000E+01,2,1.0000000E+00
271,1.4701000E+01,1.0000000E-01,2,1.0000000E+00
271,5.8563000E+00,4.0000000E-01,2,1.0000000E+00
271,3.6552000E+00,7.0000000E-01,2,1.0000000E+00
271,1.0178000E-01,4.0000000E+00,2,1.0000000E+00
271,9.4232000E-03,2.0000000E+01,2,1.0000000E+00
272,1.1093000E+01,2.0000000E-01,2,1.0000000E+00
272,1.4945000E+00,1.0000000E+00,2,1.0000000E+00
272,1.1412000E-01,4.0000000E+00,2,1.0000000E+00
272,7.0262000E-02,7.0000000E+00,2,1.0000000E+00
272,2.5254000E-04,4.0000000E+01,2,1.0000000E+00
273,5.2880000E+00,4.0000000E-01,2,1.0000000E+00
273,1.1316000E-01,2.0000000E+00,2,1.0000000E+00
273,2.2332000E-02,1.0000000E+01,2,1.0000000E+00
273,8.1100000E-05,4.0000000E+01,2,1.0000000E+00
273,2.9300000E-07,7.0000000E+01,2,1.0000000E+00
274,1.3383000E+01,1.0000000E-01,2,1.0000000E+00
274,1.0277000E+01,4.0000000E-01,2,1.0000000E+00
274,8.5737000E+00,7.0000000E-01,2,1.0000000E+00
274,2.4666000E+00,4.0000000E+00,2,1.0000000E+00
274,3.7540000E-01,2.0000000E+01,2,1.0000000E+00
275,8.3760000E+00,2.0000000E-01,2,1.0000000E+00
275,2.1598000E+00,1.0000000E+00,2,1.0000000E+00
275,1.4203000E-01,4.0000000E+00,2,1.0000000E+00
275,8.0979000E-02,7.0000000E+00,2,1.0000000E+00
275,3.7244000E-04,4.0000000E+01,2,1.0000000E+00
276,7.3991000E+00,4.0000000E-01,2,1.0000000E+00
276,6.5554000E-01,2.0000000E+00,2,1.0000000E+00
276,6.6896000E-02,1.0000000E+01,2,1.0000000E+00
276,4.7914000E-04,4.0000000E+01,2,1.0000000E+00
276,2.5300000E-06,7.0000000E+01,2,1.0000000E+00
277,1.1528000E+01,1.0000000E-01,2,1.0000000E+00
277,1.0338000E+01,4.0000000E-01,2,1.0000000E+00
277,8.6817000E+00,7.0000000E-01,2,1.0000000E+00
277,2.7701000E+00,4.0000000E+00,2,1.0000000E+00
277,4.3888000E-01,2.0000000E+01,2,1.0000000E+00
278,9.7548000E+00,2.0000000E-01,2,1.0000000E+00
278,7.4356000E+00,1.0000000E+00,2,1.0000000E+00
278,2.6717000E+00,4.0000000E+00,2,1.0000000E+00
278,1.6124000E+00,7.0000000E+00,2,1.0000000E+00
278,6.9396000E-02,4.0000000E+01,2,1.0000000E+00
279,7.1486000E+00,4.0000000E-01,2,1.0000000E+00
279,1.9042000E-01,2.0000000E+00,2,1.0000000E+00
279,4.0254000E-02,1.0000000E+01,2,1.0000000E+00
279,6.9685000E-04,4.0000000E+01,2,1.0000000E+00
279,1.3900000E-05,7.0000000E+01,2,1.0000000E+00
280,1.1597000E+01,1.0000000E-01,2,1.0000000E+00
280,6.3210000E+00,4.0000000E-01,2,1.0000000E+00
280,2.7183000E+00,7.0000000E-01,2,1.0000000E+00
280,7.6848000E-02,4.0000000E+00,2,1.0000000E+00
280,6.0217000E-03,2.0000000E+01,2,1.0000000E+00
281,1.2947000E+01,2.0000000E-01,2,1.0000000E+00
281,4.3737000E+00,1.0000000E+00,2,1.0000000E+00
281,6.9113000E-01,4.0000000E+00,2,1.0000000E+00
281,3.8789000E-01,7.0000000E+00,2,1.0000000E+00
281,3.6756000E-03,4.0000000E+01,2,1.0000000E+00
282,9.4810000E+00,4.0000000E-01,2,1.0000000E+00
282,5.1592000E+00,2.0000000E+00,2,1.0000000E+00
282,1.0781000E+00,1.0000000E+01,2,1.0000000E+00
282,9.1602000E-02,4.0000000E+01,2,1.0000000E+00
282,7.8730000E-03,7.0000000E+01,2,1.0000000E+00
283,1.6532000E+01,1.0000000E-01,2,1.0000000E+00
283,1.0154000E+01,4.0000000E-01,2,1.0000000E+00
283,1.0453000E+01,7.0000000E-01,2,1.0000000E+00
283,1.8118000E+00,4.0000000E+00,2,1.0000000E+00
283,3.4348000E-01,2.0000000E+01,2,1.0000000E+00
284,7.9443000E+00,2.0000000E-01,2,1.0000000E+00
284,2.1990000E+00,1.0000000E+00,2,1.0000000E+00
284,1.4091000E-01,4.0000000E+00,2,1.0000000E+00
284,7.8418000E-02,7.0000000E+00,2,1.0000000E+00
284,1.1881000E-04,4.0000000E+01,2,1.0000000E+00
285,1.3827000E+01,4.0000000E-01,2,1.0000000E+00
285,3.7384000E+00,2.0000000E+00,2,1.0000000E+00
285,5.1199000E-01,1.0000000E+01,2,1.0000000E+00
285,1.4680000E-02,4.0000000E+01,2,1.0000000E+00
285,3.6009000E-04,7.0000000E+01,2,1.0000000E+00
286,1.4344000E+01,1.0000000E-01,2,1.0000000E+00
286,7.4855000E+00,4.0000000E-01,2,1.0000000E+00
286,4.5568000E+00,7.0000000E-01,2,1.0000000E+00
286,1.5852000E-01,4.0000000E+00,2,1.0000000E+00
286,1.1931000E-02,2.0000000E+01,2,1.0000000E+00
287,1.1229000E+01,2.0000000E-01,2,1.0000000E+00
287,8.2806000E+00,1.0000000E+00,2,1.0000000E+00
287,2.2609000E+00,4.0000000E+00,2,1.0000000E+00
287,1.0600000E+00,7.0000000E+00,2,1.0000000E+00
287,5.1177000E-02,4.0000000E+01,2,1.0000000E+00
288,1.1463000E+01,4.0000000E-01,2,1.0000000E+00
288,2.4143000E+00,2.0000000E+00,2,1.0000000E+00
288,2.8455000E-01,1.0000000E+01,2,1.0000000E+00
288,7.3239000E-03,4.0000000E+01,2,1.0000000E+00
288,2.4061000E-04,7.0000000E+01,2,1.0000000E+00
289,1.3915000E+01,1.0000000E-01,2,1.0000000E+00
289,5.6049000E+00,4.0000000E-01,2,1.0000000E+00
289,3.9391000E+00,7.0000000E-01,2,1.0000000E+00
289,1.4951000E-01,4.0000000E+00,2,1.0000000E+00
289,3.6464000E-03,2.0000000E+01,2,1.0000000E+00
290,1.0026000E+01,2.0000000E-01,2,1.0000000E+00
290,2.3228000E+00,1.0000000E+00,2,1.0000000E+00
290,1.8154000E-01,4.0000000E+00,2,1.0000000E+00
290,1.0982000E-01,7.0000000E+00,2,1.0000000E+00
290,1.9949000E-04,4.0000000E+01,2,1.0000000E+00
291,1.0856000E+01,4.0000000E-01,2,1.0000000E+00
291,5.5354000E+00,2.0000000E+00,2,1.0000000E+00
291,9.2996000E-01,1.0000000E+01,2,1.0000000E+00
291,5.2700000E-02,4.0000000E+01,2,1.0000000E+00
291,2.8698000E-03,7.0000000E+01,2,1.0000000E+00
292,1.5373000E+01,1.0000000E-01,2,1.0000000E+00
292,4.7415000E+00,4.0000000E-01,2,1.0000000E+00
292,1.1955000E+00,7.0000000E-01,2,1.0000000E+00
292,5.7713000E-02,4.0000000E+00,2,1.0000000E+00
292,4.0439000E-03,2.0000000E+01,2,1.0000000E+00
293,1.1567000E+01,2.0000000E-01,2,1.0000000E+00
293,6.6928000E+00,1.0000000E+00,2,1.0000000E+00
293,1.1629000E+00,4.0000000E+00,2,1.0000000E+00
293,5.2775000E-01,7.0000000E+00,2,1.0000000E+00
293,1.3258000E-02,4.0000000E+01,2,1.0000000E+00
294,6.8573000E+00,4.0000000E-01,2,1.0000000E+00
294,1.5987000E-01,2.0000000E+00,2,1.0000000E+00
294,4.4110000E-02,1.0000000E+01,2,1.0000000E+00
294,3.6206000E-04,4.0000000E+01,2,1.0000000E+00
294,4.6500000E-06,7.0000000E+01,2,1.0000000E+00
295,1.8929000E+01,1.0000000E-01,2,1.0000000E+00
295,1.4116000E+00,4.0000000E-01,2,1.0000000E+00
295,2.2526000E-01,7.0000000E-01,2,1.0000000E+00
295,4.8703000E-02,4.0000000E+00,2,1.0000000E+00
295,1.2956000E-03,2.0000000E+01,2,1.0000000E+00
296,7.6008000E+00,2.0000000E-01,2,1.0000000E+00
296,2.3730000E+00,1.0000000E+00,2,1.0000000E+00
296,1.5546000E-01,4.0000000E+00,2,1.0000000E+00
296,9.9932000E-02,7.0000000E+00,2,1.0000000E+00
296,3.9663000E-04,4.0000000E+01,2,1.0000000E+00
297,7.4512000E+00,4.0000000E-01,2,1.0000000E+00
297,5.1983000E-01,2.0000000E+00,2,1.0000000E+00
297,6.1463000E-02,1.0000000E+01,2,1.0000000E+00
297,2.7328000E-04,4.0000000E+01,2,1.0000000E+00
297,1.2300000E-06,7.0000000E+01,2,1.0000000E+00
298,2.2112000E+01,1.0000000E-01,2,1.0000000E+00
298,1.0765000E+01,4.0000000E-01,2,1.0000000E+00
298,6.2309000E+00,7.0000000E-01,2,1.0000000E+00
298,4.3598000E-01,4.0000000E+00,2,1.0000000E+00
298,3.1210000E-02,2.0000000E+01,2,1.0000000E+00
299,1.0551000E+01,2.0000000E-01,2,1.0000000E+00
299,8.9959000E+00,1.0000000E+00,2,1.0000000E+00
299,2.4206000E+00,4.0000000E+00,2,1.0000000E+00
299,1.6339000E+00,7.0000000E+00,2,1.0000000E+00
299,1.2293000E-01,4.0000000E+01,2,1.0000000E+00
300,4.8937000E+00,4.0000000E-01,2,1.0000000E+00
300,9.5287000E-02,2.0000000E+00,2,1.0000000E+00
300,2.2438000E-02,1.0000000E+01,2,1.0000000E+00
300,1.6212000E-04,4.0000000E+01,2,1.0000000E+00
300,1.0600000E-06,7.0000000E+01,2,1.0000000E+00
301,1.3915000E+01,1.0000000E-01,2,1.0000000E+00
301,1.1248000E+01,4.0000000E-01,2,1.0000000E+00
301,7.6757000E+00,7.0000000E-01,2,1.0000000E+00
301,9.7793000E-01,4.0000000E+00,2,1.0000000E+00
301,9.2140000E-02,2.0000000E+01,2,1.0000000E+00
302,1.1230000E+01,2.0000000E-01,2,1.0000000E+00
302,8.9183000E+00,1.0000000E+00,2,1.0000000E+00
302,2.8772000E+00,4.0000000E+00,2,1.0000000E+00
302,1.6194000E+00,7.0000000E+00,2,1.0000000E+00
302,4.8502000E-02,4.0000000E+01,2,1.0000000E+00
303,5.9307000E+00,4.0000000E-01,2,1.0000000E+00
303,2.8848000E-01,2.0000000E+00,2,1.0000000E+00
303,2.7113000E-02,1.0000000E+01,2,1.0000000E+00
303,3.1300000E-05,4.0000000E+01,2,1.0000000E+00
303,2.7500000E-08,7.0000000E+01,2,1.0000000E+00
304,1.2826000E+01,1.0000000E-01,2,1.0000000E+00
304,5.8016000E+00,4.0000000E-01,2,1.0000000E+00
304,2.3655000E+00,7.0000000E-01,2,1.0000000E+00
304,6.9591000E-02,4.0000000E+00,2,1.0000000E+00
304,6.1374000E-03,2.0000000E+01,2,1.0000000E+00
305,1.1712000E+01,2.0000000E-01,2,1.0000000E+00
305,5.8540000E+00,1.0000000E+00,2,1.0000000E+00
305,1.6135000E+00,4.0000000E+00,2,1.0000000E+00
305,1.0175000E+00,7.0000000E+00,2,1.0000000E+00
305,2.0522000E-02,4.0000000E+01,2,1.0000000E+00
306,9.9602000E+00,4.0000000E-01,2,1.0000000E+00
306,4.2860000E+00,2.0000000E+00,2,1.0000000E+00
306,8.6354000E-01,1.0000000E+01,2,1.0000000E+00
306,5.3151000E-02,4.0000000E+01,2,1.0000000E+00
306,3.1722000E-03,7.0000000E+01,2,1.0000000E+00
307,1.4499000E+01,1.0000000E-01,2,1.0000000E+00
307,5.1881000E+00,4.0000000E-01,2,1.0000000E+00
307,2.5731000E+00,7.0000000E-01,2,1.0000000E+00
307,8.6765000E-02,4.0000000E+00,2,1.0000000E+00
307,9.0284000E-03,2.0000000E+01,2,1.0000000E+00
308,8.5917000E+00,2.0000000E-01,2,1.0000000E+00
308,1.1341000E+00,1.0000000E+00,2,1.0000000E+00
308,9.5910000E-02,4.0000000E+00,2,1.0000000E+00
308,6.0698000E-02,7.0000000E+00,2,1.0000000E+00
308,2.1641000E-04,4.0000000E+01,2,1.0000000E+00
309,8.0703000E+00,4.0000000E-01,2,1.0000000E+00
309,8.6497000E-01,2.0000000E+00,2,1.0000000E+00
309,6.3885000E-02,1.0000000E+01,2,1.0000000E+00
309,5.9736000E-04,4.0000000E+01,2,1.0000000E+00
309,4.7500000E-06,7.0000000E+01,2,1.0000000E+00
310,1.2812000E+01,1.0000000E-01,2,1.0000000E+00
310,1.0270000E+01,4.0000000E-01,2,1.0000000E+00
310,8.1257000E+00,7.0000000E-01,2,1.0000000E+00
310,2.2131000E+00,4.0000000E+00,2,1.0000000E+00
310,3.7650000E-01,2.0000000E+01,2,1.0000000E+00
311,9.2516000E+00,2.0000000E-01,2,1.0000000E+00
311,2.8711000E+00,1.0000000E+00,2,1.0000000E+00
311,1.5291000E-01,4.0000000E+00,2,1.0000000E+00
311,1.1074000E-01,7.0000000E+00,2,1.0000000E+00
311,1.2400000E-03,4.0000000E+01,2,1.0000000E+00
312,9.2775000E+00,4.0000000E-01,2,1.0000000E+00
312,5.4070000E+00,2.0000000E+00,2,1.0000000E+00
312,8.2211000E-01,1.0000000E+01,2,1.0000000E+00
312,3.6880000E-02,4.0000000E+01,2,1.0000000E+00
312,1.6546000E-03,7.0000000E+01,2,1.0000000E+00
313,1.5218000E+01,1.0000000E-01,2,1.0000000E+00
313,1.0724000E+01,4.0000000E-01,2,1.0000000E+00
313,8.2701000E+00,7.0000000E-01,2,1.0000000E+00
313,1.0024000E+00,4.0000000E+00,2,1.0000000E+00
313,1.5089000E-01,2.0000000E+01,2,1.0000000E+00
314,1.0355000E+01,2.0000000E-01,2,1.0000000E+00
314,2.2834000E+00,1.0000000E+00,2,1.0000000E+00
314,1.1000000E-01,4.0000000E+00,2,1.0000000E+00
314,7.7559000E-02,7.0000000E+00,2,1.0000000E+00
314,3.6130000E-04,4.0000000E+01,2,1.0000000E+00
315,1.1215000E+01,4.0000000E-01,2,1.0000000E+00
315,5.0729000E+00,2.0000000E+00,2,1.0000000E+00
315,1.3506000E+00,1.0000000E+01,2,1.0000000E+00
315,1.2667000E-01,4.0000000E+01,2,1.0000000E+00
315,1.4710000E-02,7.0000000E+01,2,1.0000000E+00
316,1.6302000E+01,1.0000000E-01,2,1.0000000E+00
316,1.1249000E+01,4.0000000E-01,2,1.0000000E+00
316,8.8349000E+00,7.0000000E-01,2,1.0000000E+00
316,5.4888000E-01,4.0000000E+00,2,1.0000000E+00
316,8.7171000E-02,2.0000000E+01,2,1.0000000E+00
317,1.4016000E+01,2.0000000E-01,2,1.0000000E+00
317,8.2362000E+00,1.0000000E+00,2,1.0000000E+00
317,2.4250000E+00,4.0000000E+00,2,1.0000000E+00
317,1.4799000E+00,7.0000000E+00,2,1.0000000E+00
317,8.2349000E-02,4.0000000E+01,2,1.0000000E+00
318,4.1035000E+00,4.0000000E-01,2,1.0000000E+00
318,1.8870000E-01,2.0000000E+00,2,1.0000000E+00
318,3.3829000E-02,1.0000000E+01,2,1.0000000E+00
318,6.5600000E-05,4.0000000E+01,2,1.0000000E+00
318,1.6700000E-07,7.0000000E+01,2,1.0000000E+00
319,1.2280000E+01,1.0000000E-01,2,1.0000000E+00
319,9.4259000E+00,4.0000000E-01,2,1.0000000E+00
319,8.6531000E+00,7.0000000E-01,2,1.0000000E+00
319,1.7952000E+00,4.0000000E+00,2,1.0000000E+00
319,2.3868000E-01,2.0000000E+01,2,1.0000000E+00
320,8.7034000E+00,2.0000000E-01,2,1.0000000E+00
320,6.4215000E+00,1.0000000E+00,2,1.0000000E+00
320,2.9678000E+00,4.0000000E+00,2,1.0000000E+00
320,1.8927000E+00,7.0000000E+00,2,1.0000000E+00
320,2.2320000E-01,4.0000000E+01,2,1.0000000E+00
321,5.6139000E+00,4.0000000E-01,2,1.0000000E+00
321,2.2086000E-01,2.0000000E+00,2,1.0000000E+00
321,3.5874000E-02,1.0000000E+01,2,1.0000000E+00
321,2.5648000E-04,4.0000000E+01,2,1.0000000E+00
321,2.5100000E-06,7.0000000E+01,2,1.0000000E+00
322,1.5028000E+01,1.0000000E-01,2,1.0000000E+00
322,1.2338000E+01,4.0000000E-01,2,1.0000000E+00
322,9.2523000E+00,7.0000000E-01,2,1.0000000E+00
322,2.7953000E+00,4.0000000E+00,2,1.0000000E+00
322,5.6717000E-01,2.0000000E+01,2,1.0000000E+00
323,8.8030000E+00,2.0000000E-01,2,1.0000000E+00
323,6.6290000E-01,1.0000000E+00,2,1.0000000E+00
323,5.2194000E-02,4.0000000E+00,2,1.0000000E+00
323,3.4419000E-02,7.0000000E+00,2,1.0000000E+00
323,1.2985000E-04,4.0000000E+01,2,1.0000000E+00
324,5.5176000E+00,4.0000000E-01,2,1.0000000E+00
324,1.3854000E-01,2.0000000E+00,2,1.0000000E+00
324,2.5825000E-02,1.0000000E+01,2,1.0000000E+00
324,1.8775000E-04,4.0000000E+01,2,1.0000000E+00
324,1.0900000E-06,7.0000000E+01,2,1.0000000E+00
325,1.2814000E+01,1.0000000E-01,2,1.0000000E+00
325,6.4792000E+00,4.0000000E-01,2,1.0000000E+00
325,2.9231000E+00,7.0000000E-01,2,1.0000000E+00
325,1.5342000E-01,4.0000000E+00,2,1.0000000E+00
325,9.2395000E-03,2.0000000E+01,2,1.0000000E+00
326,1.4842000E+01,2.0000000E-01,2,1.0000000E+00
326,7.1804000E+00,1.0000000E+00,2,1.0000000E+00
326,9.2013000E-01,4.0000000E+00,2,1.0000000E+00
326,7.1289000E-01,7.0000000E+00,2,1.0000000E+00
326,1.5063000E-02,4.0000000E+01,2,1.0000000E+00
327,7.9411000E+00,4.0000000E-01,2,1.0000000E+00
327,8.4616000E-01,2.0000000E+00,2,1.0000000E+00
327,6.8737000E-02,1.0000000E+01,2,1.0000000E+00
327,1.1576000E-03,4.0000000E+01,2,1.0000000E+00
327,1.0400000E-05,7.0000000E+01,2,1.0000000E+00
328,1.2991000E+01,1.0000000E-01,2,1.0000000E+00
328,7.5302000E+00,4.0000000E-01,2,1.0000000E+00
328,3.4427000E+00,7.0000000E-01,2,1.0000000E+00
328,1.4714000E-01,4.0000000E+00,2,1.0000000E+00
328,1.3142000E-02,2.0000000E+01,2,1.0000000E+00
329,1.0858000E+01,2.0000000E-01,2,1.0000000E+00
329,1.3942000E+00,1.0000000E+00,2,1.0000000E+00
329,8.9335000E-02,4.0000000E+00,2,1.0000000E+00
329,5.8646000E-02,7.0000000E+00,2,1.0000000E+00
329,9.2700000E-05,4.0000000E+01,2,1.0000000E+00
330,3.3153000E+00,4.0000000E-01,2,1.0000000E+00
330,8.9167000E-02,2.0000000E+00,2,1.0000000E+00
330,2.4951000E-02,1.0000000E+01,2,1.0000000E+00
330,8.1700000E-05,4.0000000E+01,2,1.0000000E+00
330,2.7900000E-07,7.0000000E+01,2,1.0000000E+00
331,1.1763000E+01,1.0000000E-01,2,1.0000000E+00
331,8.9860000E+00,4.0000000E-01,2,1.0000000E+00
331,7.8070000E+00,7.0000000E-01,2,1.0000000E+00
331,2.8077000E+00,4.0000000E+00,2,1.0000000E+00
331,4.2332000E-01,2.0000000E+01,2,1.0000000E+00
332,1.4290000E+01,2.0000000E-01,2,1.0000000E+00
332,3.9714000E+00,1.0000000E+00,2,1.0000000E+00
332,4.7042000E-01,4.0000000E+00,2,1.0000000E+00
332,2.0345000E-01,7.0000000E+00,2,1.0000000E+00
332,2.2962000E-03,4.0000000E+01,2,1.0000000E+00
333,9.5187000E+00,4.0000000E-01,2,1.0000000E+00
333,4.9603000E+00,2.0000000E+00,2,1.0000000E+00
333,7.2282000E-01,1.0000000E+01,2,1.0000000E+00
333,3.3964000E-02,4.0000000E+01,2,1.0000000E+00
333,1.3397000E-03,7.0000000E+01,2,1.0000000E+00
334,1.3144000E+01,1.0000000E-01,2,1.0000000E+00
334,1.2120000E+01,4.0000000E-01,2,1.0000000E+00
334,7.1546000E+00,7.0000000E-01,2,1.0000000E+00
334,1.8774000E+00,4.0000000E+00,2,1.0000000E+00
334,2.6965000E-01,2.0000000E+01,2,1.0000000E+00
335,9.4237000E+00,2.0000000E-01,2,1.0000000E+00
335,8.1886000E-01,1.0000000E+00,2,1.0000000E+00
335,6.0426000E-02,4.0000000E+00,2,1.0000000E+00
335,3.8608000E-02,7.0000000E+00,2,1.0000000E+00
335,7.2400000E-05,4.0000000E+01,2,1.0000000E+00
336,5.1872000E+00,4.0000000E-01,2,1.0000000E+00
336,4.4923000E-01,2.0000000E+00,2,1.0000000E+00
336,4.6343000E-02,1.0000000E+01,2,1.0000000E+00
336,2.0228000E-04,4.0000000E+01,2,1.0000000E+00
336,1.0200000E-06,7.0000000E+01,2,1.0000000E+00
337,1.0143000E+01,1.0000000E-01,2,1.0000000E+00
337,1.0185000E+01,4.0000000E-01,2,1.0000000E+00
337,9.7556000E+00,7.0000000E-01,2,1.0000000E+00
337,2.9605000E+00,4.0000000E+00,2,1.0000000E+00
337,6.7833000E-01,2.0000000E+01,2,1.0000000E+00
338,1.1947000E+01,2.0000000E-01,2,1.0000000E+00
338,8.8869000E+00,1.0000000E+00,2,1.0000000E+00
338,3.3957000E+00,4.0000000E+00,2,1.0000000E+00
338,1.5603000E+00,7.0000000E+00,2,1.0000000E+00
338,9.2931000E-02,4.0000000E+01,2,1.0000000E+00
339,5.0671000E+00,4.0000000E-01,2,1.0000000E+00
339,1.1257000E-01,2.0000000E+00,2,1.0000000E+00
339,2.4785000E-02,1.0000000E+01,2,1.0000000E+00
339,1.6273000E-04,4.0000000E+01,2,1.0000000E+00
339,8.2500000E-07,7.0000000E+01,2,1.0000000E+00
340,1.1461000E+01,1.0000000E-01,2,1.0000000E+00
340,5.1664000E+00,4.0000000E-01,2,1.0000000E+00
340,1.9312000E+00,7.0000000E-01,2,1.0000000E+00
340,6.0771000E-02,4.0000000E+00,2,1.0000000E+00
340,5.7890000E-03,2.0000000E+01,2,1.0000000E+00
341,7.8342000E+00,2.0000000E-01,2,1.0000000E+00
341,1.5808000E+00,1.0000000E+00,2,1.0000000E+00
341,1.0130000E-01,4.0000000E+00,2,1.0000000E+00
341,4.6677000E-02,7.0000000E+00,2,1.0000000E+00
341,1.0014000E-04,4.0000000E+01,2,1.0000000E+00
342,7.3660000E+00,4.0000000E-01,2,1.0000000E+00
342,2.8802000E-01,2.0000000E+00,2,1.0000000E+00
342,4.3370000E-02,1.0000000E+01,2,1.0000000E+00
342,1.0640000E-04,4.0000000E+01,2,1.0000000E+00
342,2.8900000E-07,7.0000000E+01,2,1.0000000E+00
343,1.6026000E+01,1.0000000E-01,2,1.0000000E+00
343,3.8616000E+00,4.0000000E-01,2,1.0000000E+00
343,1.0830000E+00,7.0000000E-01,2,1.0000000E+00
343,6.1219000E-02,4.0000000E+00,2,1.0000000E+00
343,2.7620000E-03,2.0000000E+01,2,1.0000000E+00
344,8.2678000E+00,2.0000000E-01,2,1.0000000E+00
344,1.8775000E+00,1.0000000E+00,2,1.0000000E+00
344,1.4027000E-01,4.0000000E+00,2,1.0000000E+00
344,8.2380000E-02,7.0000000E+00,2,1.0000000E+00
344,1.1948000E-04,4.0000000E+01,2,1.0000000E+00
345,6.7865000E+00,4.0000000E-01,2,1.0000000E+00
345,4.5924000E-01,2.0000000E+00,2,1.0000000E+00
345,6.0216000E-02,1.0000000E+01,2,1.0000000E+00
345,4.4755000E-04,4.0000000E+01,2,1.0000000E+00
345,4.1600000E-06,7.0000000E+01,2,1.0000000E+00
346,1.2218000E+01,1.0000000E-01,2,1.0000000E+00
346,8.8986000E+00,4.0000000E-01,2,1.0000000E+00
346,8.4125000E+00,7.0000000E-01,2,1.0000000E+00
346,2.6119000E+00,4.0000000E+00,2,1.0000000E+00
346,3.5479000E-01,2.0000000E+01,2,1.0000000E+00
347,9.9622000E+00,2.0000000E-01,2,1.0000000E+00
347,6.6683000E+00,1.0000000E+00,2,1.0000000E+00
347,2.4345000E+00,4.0000000E+00,2,1.0000000E+00
347,1.5155000E+00,7.0000000E+00,2,1.0000000E+00
347,7.8446000E-02,4.0000000E+01,2,1.0000000E+00
348,1.0200000E+01,4.0000000E-01,2,1.0000000E+00
348,3.1104000E+00,2.0000000E+00,2,1.0000000E+00
348,6.5536000E-01,1.0000000E+01,2,1.0000000E+00
348,3.6208000E-02,4.0000000E+01,2,1.0000000E+00
348,1.7293000E-03,7.0000000E+01,2,1.0000000E+00
349,1.1810000E+01,1.0000000E-01,2,1.0000000E+00
349,6.7518000E+00,4.0000000E-01,2,1.0000000E+00
349,5.3571000E+00,7.0000000E-01,2,1.0000000E+00
349,1.3237000E-01,4.0000000E+00,2,1.0000000E+00
349,1.0171000E-02,2.0000000E+01,2,1.0000000E+00
350,6.9725000E+00,2.0000000E-01,2,1.0000000E+00
350,6.4042000E-02,1.0000000E+00,2,1.0000000E+00
350,2.9806000E-02,4.0000000E+00,2,1.0000000E+00
350,2.0541000E-02,7.0000000E+00,2,1.0000000E+00
350,3.9100000E-05,4.0000000E+01,2,1.0000000E+00
351,1.2291000E+01,4.0000000E-01,2,1.0000000E+00
351,3.6289000E+00,2.0000000E+00,2,1.0000000E+00
351,9.1543000E-01,1.0000000E+01,2,1.0000000E+00
351,3.1533000E-02,4.0000000E+01,2,1.0000000E+00
351,1.1697000E-03,7.0000000E+01,2,1.0000000E+00
352,1.3096000E+01,1.0000000E-01,2,1.0000000E+00
352,7.9483000E+00,4.0000000E-01,2,1.0000000E+00
352,4.6383000E+00,7.0000000E-01,2,1.0000000E+00
352,1.3949000E-01,4.0000000E+00,2,1.0000000E+00
352,1.0150000E-02,2.0000000E+01,2,1.0000000E+00
353,9.8438000E+00,2.0000000E-01,2,1.0000000E+00
353,1.8094000E+00,1.0000000E+00,2,1.0000000E+00
353,1.0985000E-01,4.0000000E+00,2,1.0000000E+00
353,7.1359000E-02,7.0000000E+00,2,1.0000000E+00
353,3.5095000E-04,4.0000000E+01,2,1.0000000E+00
354,9.1467000E+00,4.0000000E-01,2,1.0000000E+00
354,4.6664000E+00,2.0000000E+00,2,1.0000000E+00
354,8.0843000E-01,1.0000000E+01,2,1.0000000E+00
354,8.0410000E-02,4.0000000E+01,2,1.0000000E+00
354,5.6150000E-03,7.0000000E+01,2,1.0000000E+00
355,1.4492000E+01,1.0000000E-01,2,1.0000000E+00
355,5.4051000E+00,4.0000000E-01,2,1.0000000E+00
355,1.9477000E+00,7.0000000E-01,2,1.0000000E+00
355,7.1934000E-02,4.0000000E+00,2,1.0000000E+00
355,3.8260000E-03,2.0000000E+01,2,1.0000000E+00
356,1.0835000E+01,2.0000000E-01,2,1.0000000E+00
356,1.6360000E+00,1.0000000E+00,2,1.0000000E+00
356,1.2186000E-01,4.0000000E+00,2,1.0000000E+00
356,6.4354000E-02,7.0000000E+00,2,1.0000000E+00
356,1.7604000E-04,4.0000000E+01,2,1.0000000E+00
357,7.8436000E+00,4.0000000E-01,2,1.0000000E+00
357,5.5064000E-01,2.0000000E+00,2,1.0000000E+00
357,6.3636000E-02,1.0000000E+01,2,1.0000000E+00
357,3.3028000E-04,4.0000000E+01,2,1.0000000E+00
357,2.0000000E-06,7.0000000E+01,2,1.0000000E+00
358,1.0103000E+01,1.0000000E-01,2,1.0000000E+00
358,9.7711000E+00,4.0000000E-01,2,1.0000000E+00
358,8.2776000E+00,7.0000000E-01,2,1.0000000E+00
358,3.0379000E+00,4.0000000E+00,2,1.0000000E+00
358,4.5198000E-01,2.0000000E+01,2,1.0000000E+00
359,1.6002000E+01,2.0000000E-01,2,1.0000000E+00
359,7.6181000E+00,1.0000000E+00,2,1.0000000E+00
359,1.1971000E+00,4.0000000E+00,2,1.0000000E+00
359,7.1372000E-01,7.0000000E+00,2,1.0000000E+00
359,2.4965000E-02,4.0000000E+01,2,1.0000000E+00
360,8.4482000E+00,4.0000000E-01,2,1.0000000E+00
360,7.9633000E-01,2.0000000E+00,2,1.0000000E+00
360,1.3576000E-01,1.0000000E+01,2,1.0000000E+00
360,1.5516000E-03,4.0000000E+01,2,1.0000000E+00
360,2.3500000E-05,7.0000000E+01,2,1.0000000E+00
361,1.4040000E+01,1.0000000E-01,2,1.0000000E+00
361,9.7793000E+00,4.0000000E-01,2,1.0000000E+00
361,3.9255000E+00,7.0000000E-01,2,1.0000000E+00
361,1.6753000E-01,4.0000000E+00,2,1.0000000E+00
361,1.6751000E-02,2.0000000E+01,2,1.0000000E+00
362,8.7921000E+00,2.0000000E-01,2,1.0000000E+00
362,5.7992000E+00,1.0000000E+00,2,1.0000000E+00
362,2.2961000E+00,4.0000000E+00,2,1.0000000E+00
362,1.3796000E+00,7.0000000E+00,2,1.0000000E+00
362,6.9755000E-02,4.0000000E+01,2,1.0000000E+00
363,1.0070000E+01,4.0000000E-01,2,1.0000000E+00
363,3.9277000E+00,2.0000000E+00,2,1.0000000E+00
363,5.0141000E-01,1.0000000E+01,2,1.0000000E+00
363,1.6139000E-02,4.0000000E+01,2,1.0000000E+00
363,4.6944000E-04,7.0000000E+01,2,1.0000000E+00
364,1.2543000E+01,1.0000000E-01,2,1.0000000E+00
364,7.3141000E+00,4.0000000E-01,2,1.0000000E+00
364,3.1485000E+00,7.0000000E-01,2,1.0000000E+00
364,1.5362000E-01,4.0000000E+00,2,1.0000000E+00
364,9.3996000E-03,2.0000000E+01,2,1.0000000E+00
365,1.5279000E+01,2.0000000E-01,2,1.0000000E+00
365,3.3649000E+00,1.0000000E+00,2,1.0000000E+00
365,3.2262000E-01,4.0000000E+00,2,1.0000000E+00
365,2.1072000E-01,7.0000000E+00,2,1.0000000E+00
365,1.9985000E-03,4.0000000E+01,2,1.0000000E+00
366,3.9980000E+00,4.0000000E-01,2,1.0000000E+00
366,1.1418000E-01,2.0000000E+00,2,1.0000000E+00
366,2.1312000E-02,1.0000000E+01,2,1.0000000E+00
366,1.1954000E-04,4.0000000E+01,2,1.0000000E+00
366,7.5500000E-07,7.0000000E+01,2,1.0000000E+00
367,1.4301000E+01,1.0000000E-01,2,1.0000000E+00
367,6.7444000E+00,4.0000000E-01,2,1.0000000E+00
367,2.7941000E+00,7.0000000E-01,2,1.0000000E+00
367,1.1589000E-01,4.0000000E+00,2,1.0000000E+00
367,6.0107000E-03,2.0000000E+01,2,1.0000000E+00
368,8.1928000E+00,2.0000000E-01,2,1.0000000E+00
368,2.7065000E+00,1.0000000E+00,2,1.0000000E+00
368,2.0171000E-01,4.0000000E+00,2,1.0000000E+00
368,1.2518000E-01,7.0000000E+00,2,1.0000000E+00
368,4.0267000E-04,4.0000000E+01,2,1.0000000E+00
369,6.7542000E+00,4.0000000E-01,2,1.0000000E+00
369,4.4912000E-01,2.0000000E+00,2,1.0000000E+00
369,4.4231000E-02,1.0000000E+01,2,1.0000000E+00
369,1.3563000E-04,4.0000000E+01,2,1.0000000E+00
369,2.7800000E-07,7.0000000E+01,2,1.0000000E+00
370,1.4506000E+01,1.0000000E-01,2,1.0000000E+00
370,1.2748000E+01,4.0000000E-01,2,1.0000000E+00
370,9.9949000E+00,7.0000000E-01,2,1.0000000E+00
370,1.3503000E+00,4.0000000E+00,2,1.0000000E+00
370,1.8560000E-01,2.0000000E+01,2,1.0000000E+00
371,1.0862000E+01,2.0000000E-01,2,1.0000000E+00
371,1.0090000E+00,1.0000000E+00,2,1.0000000E+00
371,8.9369000E-02,4.0000000E+00,2,1.0000000E+00
371,4.6066000E-02,7.0000000E+00,2,1.0000000E+00
371,6.9500000E-05,4.0000000E+01,2,1.0000000E+00
372,1.2561000E+00,4.0000000E-01,2,1.0000000E+00
372,4.3289000E-02,2.0000000E+00,2,1.0000000E+00
372,1.1370000E-02,1.0000000E+01,2,1.0000000E+00
372,5.3900000E-05,4.0000000E+01,2,1.0000000E+00
372,2.6600000E-07,7.0000000E+01,2,1.0000000E+00
373,1.3996000E+01,1.0000000E-01,2,1.0000000E+00
373,6.6736000E+00,4.0000000E-01,2,1.0000000E+00
373,2.8164000E+00,7.0000000E-01,2,1.0000000E+00
373,9.1008000E-02,4.0000000E+00,2,1.0000000E+00
373,5.6997000E-03,2.0000000E+01,2,1.0000000E+00
374,9.3502000E+00,2.0000000E-01,2,1.0000000E+00
374,2.1563000E+00,1.0000000E+00,2,1.0000000E+00
374,1.4893000E-01,4.0000000E+00,2,1.0000000E+00
374,1.0529000E-01,7.0000000E+00,2,1.0000000E+00
374,5.1911000E-04,4.0000000E+01,2,1.0000000E+00
375,8.9589000E+00,4.0000000E-01,2,1.0000000E+00
375,4.7162000E+00,2.0000000E+00,2,1.0000000E+00
375,8.5509000E-01,1.0000000E+01,2,1.0000000E+00
375,4.2983000E-02,4.0000000E+01,2,1.0000000E+00
375,2.7245000E-03,7.0000000E+01,2,1.0000000E+00
376,1.3239000E+01,1.0000000E-01,2,1.0000000E+00
376,1.1061000E+01,4.0000000E-01,2,1.0000000E+00
376,9.5207000E+00,7.0000000E-01,2,1.0000000E+00
376,1.9519000E+00,4.0000000E+00,2,1.0000000E+00
376,2.5528000E-01,2.0000000E+01,2,1.0000000E+00
377,9.6206000E+00,2.0000000E-01,2,1.0000000E+00
377,1.2696000E+00,1.0000000E+00,2,1.0000000E+00
377,7.9946000E-02,4.0000000E+00,2,1.0000000E+00
377,5.2048000E-02,7.0000000E+00,2,1.0000000E+00
377,1.6055000E-04,4.0000000E+01,2,1.0000000E+00
378,5.2474000E+00,4.0000000E-01,2,1.0000000E+00
378,4.6676000E-01,2.0000000E+00,2,1.0000000E+00
378,5.0823000E-02,1.0000000E+01,2,1.0000000E+00
378,1.5438000E-04,4.0000000E+01,2,1.0000000E+00
378,4.4700000E-07,7.0000000E+01,2,1.0000000E+00
379,1.8216000E+01,1.0000000E-01,2,1.0000000E+00
379,1.0318000E+01,4.0000000E-01,2,1.0000000E+00
379,4.1359000E+00,7.0000000E-01,2,1.0000000E+00
379,2.2886000E-01,4.0000000E+00,2,1.0000000E+00
379,1.4739000E-02,2.0000000E+01,2,1.0000000E+00
380,1.2326000E+01,2.0000000E-01,2,1.0000000E+00
380,1.3895000E+00,1.0000000E+00,2,1.0000000E+00
380,1.1455000E-01,4.0000000E+00,2,1.0000000E+00
380,5.0081000E-02,7.0000000E+00,2,1.0000000E+00
380,2.9229000E-04,4.0000000E+01,2,1.0000000E+00
381,1.0871000E+01,4.0000000E-01,2,1.0000000E+00
381,4.3852000E+00,2.0000000E+00,2,1.0000000E+00
381,1.1413000E+00,1.0000000E+01,2,1.0000000E+00
381,5.0947000E-02,4.0000000E+01,2,1.0000000E+00
381,4.0577000E-03,7.0000000E+01,2,1.0000000E+00
382,1.1213000E+01,1.0000000E-01,2,1.0000000E+00
382,5.4695000E+00,4.0000000E-01,2,1.0000000E+00
382,3.5225000E+00,7.0000000E-01,2,1.0000000E+00
382,8.9488000E-02,4.0000000E+00,2,1.0000000E+00
382,8.5852000E-03,2.0000000E+01,2,1.0000000E+00
383,1.4472000E+01,2.0000000E-01,2,1.0000000E+00
383,7.5842000E+00,1.0000000E+00,2,1.0000000E+00
383,1.9586000E+00,4.0000000E+00,2,1.0000000E+00
383,1.2332000E+00,7.0000000E+00,2,1.0000000E+00
383,4.1681000E-02,4.0000000E+01,2,1.0000000E+00
384,1.1050000E+01,4.0000000E-01,2,1.0000000E+00
384,3.1985000E+00,2.0000000E+00,2,1.0000000E+00
384,5.7803000E-01,1.0000000E+01,2,1.0000000E+00
384,1.3369000E-02,4.0000000E+01,2,1.0000000E+00
384,4.8341000E-04,7.0000000E+01,2,1.0000000E+00
385,1.2853000E+01,1.0000000E-01,2,1.0000000E+00
385,7.2963000E+00,4.0000000E-01,2,1.0000000E+00
385,1.0238000E+01,7.0000000E-01,2,1.0000000E+00
385,3.0378000E+00,4.0000000E+00,2,1.0000000E+00
385,5.9077000E-01,2.0000000E+01,2,1.0000000E+00
386,9.9849000E+00,2.0000000E-01,2,1.0000000E+00
386,1.1827000E+00,1.0000000E+00,2,1.0000000E+00
386,5.6166000E-02,4.0000000E+00,2,1.0000000E+00
386,4.6671000E-02,7.0000000E+00,2,1.0000000E+00
386,5.7610000E-04,4.0000000E+01,2,1.0000000E+00
387,8.2573000E+00,4.0000000E-01,2,1.0000000E+00
387,4.4738000E+00,2.0000000E+00,2,1.0000000E+00
387,8.6231000E-01,1.0000000E+01,2,1.0000000E+00
387,4.9744000E-02,4.0000000E+01,2,1.0000000E+00
387,2.9546000E-03,7.0000000E+01,2,1.0000000E+00
388,1.0421000E+01,1.0000000E-01,2,1.0000000E+00
388,8.6440000E+00,4.0000000E-01,2,1.0000000E+00
388,8.5111000E+00,7.0000000E-01,2,1.0000000E+00
388,2.6501000E+00,4.0000000E+00,2,1.0000000E+00
388,4.9952000E-01,2.0000000E+01,2,1.0000000E+00
389,1.5088000E+01,2.0000000E-01,2,1.0000000E+00
389,6.5253000E+00,1.0000000E+00,2,1.0000000E+00
389,8.5870000E-01,4.0000000E+00,2,1.0000000E+00
389,5.4461000E-01,7.0000000E+00,2,1.0000000E+00
389,7.0294000E-03,4.0000000E+01,2,1.0000000E+00
390,5.9428000E+00,4.0000000E-01,2,1.0000000E+00
390,6.5827000E-01,2.0000000E+00,2,1.0000000E+00
390,4.1034000E-02,1.0000000E+01,2,1.0000000E+00
390,3.0291000E-04,4.0000000E+01,2,1.0000000E+00
390,1.7800000E-06,7.0000000E+01,2,1.0000000E+00
391,1.5900000E+01,1.0000000E-01,2,1.0000000E+00
391,1.1442000E+01,4.0000000E-01,2,1.0000000E+00
391,9.5927000E+00,7.0000000E-01,2,1.0000000E+00
391,1.2012000E+00,4.0000000E+00,2,1.0000000E+00
391,8.1006000E-02,2.0000000E+01,2,1.0000000E+00
392,1.0575000E+01,2.0000000E-01,2,1.0000000E+00
392,1.3863000E+00,1.0000000E+00,2,1.0000000E+00
392,1.3168000E-01,4.0000000E+00,2,1.0000000E+00
392,6.4515000E-02,7.0000000E+00,2,1.0000000E+00
392,2.7400000E-05,4.0000000E+01,2,1.0000000E+00
393,2.3186000E+00,4.0000000E-01,2,1.0000000E+00
393,5.3736000E-02,2.0000000E+00,2,1.0000000E+00
393,1.5807000E-02,1.0000000E+01,2,1.0000000E+00
393,8.2700000E-05,4.0000000E+01,2,1.0000000E+00
393,5.5500000E-07,7.0000000E+01,2,1.0000000E+00
394,1.4705000E+01,1.0000000E-01,2,1.0000000E+00
394,4.6173000E+00,4.0000000E-01,2,1.0000000E+00
394,1.7051000E+00,7.0000000E-01,2,1.0000000E+00
394,6.0293000E-02,4.0000000E+00,2,1.0000000E+00
394,3.8789000E-03,2.0000000E+01,2,1.0000000E+00
395,1.0872000E+01,2.0000000E-01,2,1.0000000E+00
395,7.4961000E+00,1.0000000E+00,2,1.0000000E+00
395,2.3308000E+00,4.0000000E+00,2,1.0000000E+00
395,1.3935000E+00,7.0000000E+00,2,1.0000000E+00
395,7.3129000E-02,4.0000000E+01,2,1.0000000E+00
396,7.8724000E+00,4.0000000E-01,2,1.0000000E+00
396,4.0331000E-01,2.0000000E+00,2,1.0000000E+00
396,4.0631000E-02,1.0000000E+01,2,1.0000000E+00
396,4.0105000E-04,4.0000000E+01,2,1.0000000E+00
396,3.5100000E-06,7.0000000E+01,2,1.0000000E+00
397,1.0183000E+01,1.0000000E-01,2,1.0000000E+00
397,1.0038000E+01,4.0000000E-01,2,1.0000000E+00
397,9.2515000E+00,7.0000000E-01,2,1.0000000E+00
397,1.5558000E+00,4.0000000E+00,2,1.0000000E+00
397,1.8358000E-01,2.0000000E+01,2,1.0000000E+00
398,8.4987000E+00,2.0000000E-01,2,1.0000000E+00
398,3.7163000E-01,1.0000000E+00,2,1.0000000E+00
398,5.9342000E-02,4.0000000E+00,2,1.0000000E+00
398,3.0912000E-02,7.0000000E+00,2,1.0000000E+00
398,4.8600000E-05,4.0000000E+01,2,1.0000000E+00
399,6.7410000E+00,4.0000000E-01,2,1.0000000E+00
399,2.5086000E-01,2.0000000E+00,2,1.0000000E+00
399,3.7529000E-02,1.0000000E+01,2,1.0000000E+00
399,1.6072000E-04,4.0000000E+01,2,1.0000000E+00
399,1.0200000E-06,7.0000000E+01,2,1.0000000E+00
400,1.1989000E+01,1.0000000E-01,2,1.0000000E+00
400,4.4583000E+00,4.0000000E-01,2,1.0000000E+00
400,1.7887000E+00,7.0000000E-01,2,1.0000000E+00
400,8.2563000E-02,4.0000000E+00,2,1.0000000E+00
400,2.8350000E-03,2.0000000E+01,2,1.0000000E+00
